1,1,17,150,77,191,1,1,1
2,1,20,148,78,195,1,1,1
3,1,23,147,79,199,1,1,1
4,1,26,146,79,202,1,1,1
5,1,29,144,80,206,1,1,1
6,1,33,142,81,210,1,1,1
7,1,36,142,82,213,1,1,1
8,1,40,140,82,217,1,1,1
9,1,44,139,83,220,1,1,1
10,1,50,138,84,224,1,1,1
11,1,58,138,85,227,1,1,1
12,1,65,136,85,231,1,1,1
13,1,72,136,86,234,1,1,1
14,1,75,134,87,238,1,1,1
15,1,78,132,88,243,1,1,1
16,1,87,127,89,247,1,1,1
17,1,88,125,90,251,1,1,1
18,1,82,124,92,258,1,1,1
19,1,81,122,95,264,1,1,1
20,1,79,111,97,271,1,1,1
21,1,75,108,99,277,1,1,1
22,1,71,105,102,285,1,1,1
23,1,72,105,104,292,1,1,1
24,1,71,105,107,300,1,1,1
25,1,69,102,109,307,1,1,1
26,1,67,98,112,316,1,1,1
27,1,65,95,116,325,1,1,1
28,1,64,92,119,333,1,1,1
29,1,62,88,122,342,1,1,1
30,1,49,82,131,349,1,1,1
31,1,56,78,129,359,1,1,1
32,1,56,76,132,367,1,1,1
33,1,61,72,133,374,1,1,1
34,1,69,72,138,384,1,1,1
35,1,71,70,141,392,1,1,1
36,1,71,66,144,401,1,1,1
37,1,73,63,147,409,1,1,1
38,1,68,53,152,423,1,1,1
39,1,66,48,158,436,1,1,0.99085
40,1,66,43,162,442,1,1,0.98871
41,1,55,46,166,443,1,1,0.97973
42,1,51,38,171,453,1,1,0.97577
43,1,43,30,178,472,1,1,0.95349
44,1,41,24,183,479,1,1,0.95208
45,1,33,23,188,486,1,1,0.94045
46,1,33,16,193,491,1,1,0.94512
47,1,23,5,199,510,1,1,0.93151
48,1,23,7,204,513,1,1,0.92218
49,1,12,5,209,515,1,1,0.92248
50,1,15,5,214,524,1,1,0.90667
51,1,19,2,203,521,1,1,0.91762
52,1,6,0,223,531,1,1,0.90226
53,1,1,-4,229,540,1,1,0.88725
54,1,-3,-7,233,548,1,1,0.85937
55,1,-6,-10,237,561,1,1,0.82897
56,1,-9,-14,241,573,1,1,0.80168
149,1,-18,-9,248,513,1,1,0.86259
230,1,-3,-15,229,562,1,1,0.83775
233,1,-4,-3,235,583,1,1,0.8045
234,1,-1,-1,236,560,1,1,0.84839
235,1,-2,-5,236,563,1,1,0.84029
236,1,-2,-13,236,548,1,1,0.86325
237,1,15,-6,225,537,1,1,0.89219
238,1,21,-1,226,528,1,1,0.90737
239,1,24,6,232,517,1,1,0.91699
240,1,23,11,236,510,1,1,0.91977
241,1,29,12,241,507,1,1,0.92323
242,1,34,3,236,509,1,1,0.93725
243,1,44,2,236,510,1,1,0.93738
244,1,51,1,234,511,1,1,0.9375
245,1,57,2,230,512,1,1,0.93372
246,1,59,1,228,513,1,1,0.93385
247,1,73,5,216,511,1,1,0.92969
248,1,76,4,214,515,1,1,0.92442
249,1,95,2,199,515,1,1,0.92829
250,1,101,5,206,514,1,1,0.92427
251,1,112,3,197,510,1,1,0.93542
252,1,119,9,196,507,1,1,0.92913
253,1,122,16,206,504,1,1,0.92079
254,1,135,25,201,504,1,1,0.90297
255,1,151,34,199,504,1,1,0.88515
256,1,156,24,196,499,1,1,0.914
257,1,165,27,196,495,1,1,0.91532
258,1,156,23,201,499,1,1,0.916
259,1,153,22,197,500,1,1,0.91617
260,1,141,17,200,502,1,1,0.92247
261,1,130,14,206,505,1,1,0.92292
262,1,112,9,206,508,1,1,0.92731
263,1,103,4,205,515,1,1,0.92442
264,1,92,3,206,524,1,1,0.91048
265,1,86,4,211,528,1,1,0.9017
266,1,75,2,216,535,1,1,0.89366
267,1,62,0,226,542,1,1,0.88398
268,1,62,-6,227,549,1,1,0.87273
269,1,57,-14,236,556,1,1,0.86176
270,1,52,-38,246,551,1,1,0.86957
271,1,48,-56,242,559,1,1,0.85714
272,1,39,-92,240,556,1,1,0.83303
273,1,37,-102,237,562,1,1,0.81705
274,1,35,-87,235,588,1,1,0.81494
275,1,27,-63,233,567,1,1,0.84507
276,1,34,-8,221,506,1,1,0.94675
277,1,30,3,228,502,1,1,0.9503
278,1,26,0,212,501,1,1,0.95618
279,1,8,23,207,495,1,1,0.92339
280,1,-15,23,202,495,1,1,0.85061
289,1,-13,47,173,477,1,1,0.8349
290,1,-18,52,186,465,1,1,0.82706
291,1,0,49,186,475,1,1,0.90271
292,1,5,48,185,461,1,1,0.93723
293,1,0,40,198,456,1,1,0.96014
294,1,13,42,195,465,1,1,0.94206
295,1,22,45,193,457,1,1,0.95197
296,1,34,46,186,463,1,1,0.9375
297,1,37,51,193,460,1,1,0.93275
298,1,40,52,198,462,1,1,0.92657
299,1,46,46,199,455,1,1,0.95395
309,1,121,46,176,445,1,1,0.97534
310,1,126,46,166,445,1,1,0.97534
311,1,125,45,165,445,1,1,0.97758
312,1,119,47,163,465,1,1,0.93133
313,1,115,59,167,455,1,1,0.92544
314,1,112,58,175,455,1,1,0.92763
315,1,112,58,181,447,1,1,0.9442
316,1,116,58,183,455,1,1,0.92763
317,1,126,54,185,457,1,1,0.93231
318,1,128,50,181,455,1,1,0.94518
319,1,132,55,185,461,1,1,0.92208
320,1,145,50,185,474,1,1,0.90737
321,1,144,51,214,458,1,1,0.93682
322,1,154,47,214,458,1,1,0.94553
323,1,165,43,214,459,1,1,0.95217
324,1,176,39,214,459,1,1,0.96087
325,1,187,35,214,459,1,1,0.96957
326,1,192,33,214,465,1,1,0.96137
327,1,206,31,208,474,1,1,0.94737
328,1,212,30,206,493,1,1,0.91296
329,1,223,30,203,502,1,1,0.89662
330,1,223,28,203,476,1,1,0.94969
331,1,225,28,203,465,1,1,0.9721
332,1,225,27,206,470,1,1,0.96391
333,1,228,22,200,479,1,1,0.95625
334,1,232,23,194,495,1,1,0.92339
335,1,229,24,206,491,1,1,0.92886
336,1,227,19,196,490,1,1,0.94094
337,1,235,7,186,495,1,1,0.95565
338,1,239,9,192,495,1,1,0.95161
339,1,235,4,195,491,1,1,0.96951
340,1,232,3,203,492,1,1,0.96957
341,1,243,0,195,505,1,1,0.94862
342,1,249,4,199,504,1,1,0.94455
343,1,261,8,215,505,1,1,0.93478
344,1,270,5,209,505,1,1,0.94071
345,1,292,4,206,510,1,1,0.93346
346,1,296,-2,211,509,1,1,0.94118
347,1,304,-10,210,520,1,1,0.92131
348,1,313,-16,211,534,1,1,0.8972
349,1,320,-8,216,535,1,1,0.89552
350,1,319,-13,213,536,1,1,0.89385
351,1,329,-16,216,547,1,1,0.87591
352,1,327,-15,214,549,1,1,0.87273
353,1,333,-17,214,549,1,1,0.87273
354,1,340,-15,216,545,1,1,0.87912
355,1,343,-22,215,555,1,1,0.86331
356,1,352,-29,215,555,1,1,0.86331
357,1,351,-34,216,548,1,1,0.87432
358,1,352,-20,214,535,1,1,0.89552
359,1,353,8,214,530,1,1,0.89077
360,1,349,22,217,531,1,1,0.86278
361,1,352,14,216,525,1,1,0.88783
362,1,344,10,216,517,1,1,0.90927
363,1,354,11,206,520,1,1,0.90211
364,1,359,13,200,511,1,1,0.91406
365,1,358,20,203,515,1,1,0.89341
366,1,353,10,205,522,1,1,0.90057
367,1,358,7,211,525,1,1,0.90114
368,1,372,3,211,544,1,1,0.87706
369,1,382,13,206,543,1,1,0.86029
370,1,385,6,215,546,1,1,0.86837
371,1,395,2,215,535,1,1,0.89366
372,1,397,-5,232,553,1,1,0.86643
224,2,210,95,95,280,1,1,0.83333
225,2,218,97,88,272,1,1,0.89888
226,2,224,100,87,264,1,1,0.92045
227,2,230,101,86,257,1,1,0.89655
228,2,237,104,84,249,1,1,0.87059
229,2,244,106,83,241,1,1,0.82143
230,2,247,109,83,237,1,1,0.82143
231,2,251,114,82,232,1,1,0.81928
232,2,254,117,82,228,1,1,0.81928
233,2,258,121,81,223,1,1,0.89024
234,2,265,121,78,220,1,1,0.96203
235,2,273,120,76,217,1,1,1
236,2,281,120,73,214,1,1,1
237,2,289,119,70,211,1,1,1
238,2,295,121,69,208,1,1,1
239,2,301,122,67,206,1,1,1
240,2,306,124,66,203,1,1,1
241,2,313,126,64,200,1,1,1
242,2,310,125,68,199,1,1,1
243,2,308,123,72,198,1,1,1
244,2,307,122,75,197,1,1,1
245,2,305,120,79,196,1,1,1
246,2,308,120,76,195,1,1,1
247,2,311,122,73,193,1,1,1
248,2,315,122,69,192,1,1,1
249,2,318,123,66,190,1,1,1
250,2,322,125,66,189,1,1,1
251,2,327,127,66,187,1,1,1
252,2,332,129,66,186,1,1,1
253,2,337,131,66,184,1,1,1
254,2,338,132,65,182,1,1,1
255,2,339,133,64,180,1,1,0.81538
282,2,251,149,55,142,1,1,1
311,2,457,175,41,118,1,1,0.80952
5,3,220,204,21,63,1,1,0.95455
6,3,225,203,22,64,1,1,0.86957
4,4,232,192,28,71,1,1,0.80747
5,4,240,196,29,70,1,1,0.94085
6,4,247,196,28,70,1,1,0.96892
7,4,254,197,27,70,1,1,0.9668
8,4,262,198,25,69,1,1,0.88956
9,4,269,198,24,69,1,1,0.92343
10,4,277,198,24,69,1,1,0.92343
11,4,285,200,24,68,1,1,0.96116
12,4,294,200,23,68,1,1,0.95894
15,4,318,197,23,71,1,1,0.95949
17,4,333,192,23,75,1,1,1
33,4,396,186,21,77,1,1,1
34,4,403,186,22,79,1,1,0.86957
188,8,526,188,23,70,1,1,0.83333
189,8,527,188,23,70,1,1,0.875
190,8,527,188,24,71,1,1,0.92
191,8,527,186,25,73,1,1,0.92308
192,8,528,186,25,74,1,1,0.96154
193,8,528,185,26,75,1,1,0.96296
194,8,528,185,27,76,1,1,1
195,8,528,187,27,76,1,1,1
196,8,527,187,28,77,1,1,0.96552
197,8,528,188,28,77,1,1,1
198,8,528,187,28,78,1,1,1
199,8,528,185,28,80,1,1,1
200,8,528,184,28,81,1,1,1
201,8,529,183,28,82,1,1,1
202,8,529,183,27,83,1,1,1
203,8,530,184,25,83,1,1,1
204,8,529,183,24,84,1,1,1
205,8,530,184,22,84,1,1,1
206,8,527,184,24,84,1,1,1
207,8,525,184,26,83,1,1,0.96296
208,8,523,184,27,83,1,1,0.89286
209,8,521,184,29,82,1,1,0.83333
210,8,520,184,28,83,1,1,0.82759
211,8,521,182,26,85,1,1,0.85185
212,8,521,182,25,86,1,1,0.88462
213,8,521,181,23,87,1,1,0.87642
214,8,519,180,24,88,1,1,0.8827
215,8,519,181,25,88,1,1,0.92308
216,8,517,180,26,89,1,1,0.89012
217,8,516,180,27,89,1,1,0.89286
218,8,513,181,29,88,1,1,0.83333
233,8,511,183,34,98,1,1,1
234,8,516,181,34,101,1,1,1
235,8,521,180,34,103,1,1,1
236,8,526,178,34,106,1,1,1
159,12,547,197,21,51,1,1,0.95455
160,12,547,197,21,51,1,1,1
161,12,547,197,21,51,1,1,1
162,12,547,197,21,51,1,1,1
163,12,546,197,22,51,1,1,1
164,12,546,197,22,52,1,1,1
165,12,546,197,22,52,1,1,1
166,12,546,197,22,52,1,1,1
167,12,546,197,22,52,1,1,1
168,12,546,197,22,52,1,1,1
169,12,546,197,22,52,1,1,1
170,12,546,197,22,52,1,1,0.82609
178,12,545,196,23,54,1,1,1
179,12,544,196,23,54,1,1,1
180,12,544,196,23,54,1,1,1
181,12,544,196,23,54,1,1,1
182,12,544,196,23,54,1,1,0.95833
183,12,544,196,23,54,1,1,0.875
184,12,544,196,23,55,1,1,0.875
221,12,536,195,26,61,1,1,0.81481
222,12,536,195,27,61,1,1,0.85714
223,12,537,195,27,62,1,1,0.96429
3,14,248,197,25,66,1,1,1
7,14,278,201,24,65,1,1,0.84
8,14,285,201,24,66,1,1,0.88
9,14,292,201,24,66,1,1,0.92
10,14,300,201,24,67,1,1,1
11,14,309,202,25,67,1,1,1
12,14,317,201,25,68,1,1,1
13,14,326,202,25,68,1,1,1
14,14,334,201,25,68,1,1,1
15,14,341,199,26,69,1,1,0.96296
32,14,409,189,26,79,1,1,1
33,14,419,186,26,80,1,1,1
34,14,430,186,26,82,1,1,1
35,14,438,186,27,83,1,1,1
36,14,446,186,27,85,1,1,1
37,14,454,186,27,86,1,1,1
38,14,457,186,27,87,1,1,1
39,14,459,185,28,88,1,1,1
163,14,496,178,34,98,1,1,0.82857
225,14,483,183,34,97,1,1,0.88571
226,14,483,183,34,97,1,1,1
227,14,484,183,35,97,1,1,1
228,14,484,183,35,97,1,1,1
229,14,485,183,35,97,1,1,0.97222
230,14,487,183,33,101,1,1,0.97059
231,14,488,183,32,104,1,1,0.93939
232,14,490,183,30,107,1,1,0.93548
256,15,98,139,58,165,1,1,0.98305
257,15,89,135,58,170,1,1,1
258,15,59,132,70,176,1,1,1
259,15,30,131,82,181,1,1,1
260,15,1,128,94,187,1,1,1
232,16,458,161,33,134,1,1,0.82353
242,19,392,176,32,87,1,1,0.84848
243,19,391,176,32,87,1,1,1
244,19,389,175,33,87,1,1,1
247,20,412,170,36,113,1,1,0.86486
248,20,412,169,36,113,1,1,1
249,20,413,168,37,113,1,1,1
250,20,415,169,37,116,1,1,1
251,20,416,169,38,119,1,1,1
252,20,418,170,38,122,1,1,1
253,20,421,170,38,125,1,1,1
254,20,420,170,38,127,1,1,0.87179
265,20,376,157,52,164,1,1,0.88679
266,20,369,152,55,165,1,1,1
267,20,361,147,58,166,1,1,1
268,20,354,142,61,166,1,1,1
269,20,346,137,64,167,1,1,1
270,20,339,115,63,172,1,1,1
271,20,331,93,63,178,1,1,1
272,20,317,48,62,192,1,1,1
273,20,314,41,64,192,1,1,1
274,20,304,51,63,202,1,1,1
275,20,294,70,67,204,1,1,1
276,20,289,99,71,210,1,1,1
277,20,281,114,76,210,1,1,1
278,20,269,114,75,219,1,1,1
279,20,247,128,79,225,1,1,1
280,20,224,126,84,229,1,1,1
281,20,189,104,86,244,1,1,1
282,20,158,107,86,257,1,1,1
283,20,148,110,87,271,1,1,1
284,20,146,108,94,277,1,1,1
285,20,155,102,92,282,1,1,1
286,20,162,101,93,291,1,1,1
287,20,168,105,96,293,1,1,1
288,20,174,98,95,306,1,1,1
289,20,182,100,97,323,1,1,1
290,20,198,98,102,332,1,1,1
291,20,208,91,106,345,1,1,1
292,20,216,84,111,370,1,1,1
293,20,229,74,116,386,1,1,1
294,20,237,67,119,400,1,1,1
295,20,241,55,127,423,1,1,1
296,20,245,50,126,440,1,1,0.97732
297,20,239,34,141,458,1,1,0.97386
298,20,229,20,156,476,1,1,0.90917
300,20,208,-5,165,511,1,1,0.9375
301,20,187,-16,183,531,1,1,0.90226
302,20,163,-35,194,555,1,1,0.86331
303,20,119,-45,219,580,1,1,0.82616
304,20,100,-63,197,598,1,1,0.80134
253,22,464,145,55,178,1,1,0.92857
254,22,454,142,60,185,1,1,1
255,22,445,140,64,191,1,1,1
256,22,436,136,68,198,1,1,1
257,22,428,134,72,204,1,1,0.86301
258,22,411,132,76,213,1,1,0.83117
259,22,395,129,81,223,1,1,0.91463
260,22,379,127,85,232,1,1,1
261,22,363,125,89,241,1,1,1
262,22,340,120,94,251,1,1,1
263,22,318,113,99,262,1,1,1
264,22,294,108,104,272,1,1,0.95238
252,23,66,177,56,97,1,1,0.92982
253,23,67,182,56,97,1,1,0.96491
254,23,61,180,54,101,1,1,1
255,23,55,178,53,105,1,1,0.98148
256,23,31,176,56,106,1,1,0.82456
297,24,461,-17,166,487,1,1,0.96311
298,24,473,-27,190,503,1,1,0.83072
299,24,478,-22,183,521,1,1,0.81459
288,25,393,62,133,402,1,1,0.90299
289,25,413,54,133,419,1,1,1
290,25,431,41,156,443,1,1,0.99099
291,25,451,20,178,484,1,1,0.95052
294,29,344,163,68,183,1,1,0.81159
295,29,359,163,71,181,1,1,0.86111
296,29,373,163,73,178,1,1,1
297,29,388,163,75,176,1,1,0.96053
299,29,405,166,87,171,1,1,0.82955
300,29,413,166,78,171,1,1,0.93671
301,29,414,164,85,172,1,1,0.96512
302,29,444,166,59,168,1,1,1
303,29,450,165,63,169,1,1,1
304,29,456,164,66,170,1,1,0.91045
347,30,558,115,86,249,1,1,0.95402
302,32,366,161,58,147,1,1,0.93243
303,32,371,161,54,149,1,1,0.94133
304,32,376,161,50,150,1,1,0.82288
305,32,382,160,46,152,1,1,0.84731
306,32,382,161,54,151,1,1,0.80718
333,32,554,104,102,229,1,1,0.84466
334,32,559,102,98,228,1,1,0.82828
304,33,293,154,63,170,1,1,0.92188
305,33,294,155,61,168,1,1,1
306,33,298,154,65,168,1,1,1
307,33,302,153,69,169,1,1,1
308,33,306,152,72,169,1,1,1
309,33,310,151,76,169,1,1,1
310,33,306,152,76,171,1,1,1
311,33,303,153,75,173,1,1,1
312,33,298,151,74,175,1,1,0.80909
313,33,295,155,74,177,1,1,1
314,33,304,153,73,183,1,1,1
315,33,313,151,72,190,1,1,1
316,33,320,144,64,195,1,1,1
317,33,325,142,79,201,1,1,1
318,33,328,140,92,204,1,1,1
319,33,337,132,86,214,1,1,1
320,33,340,126,95,219,1,1,1
321,33,343,118,103,225,1,1,0.84615
322,33,360,114,99,229,1,1,0.91
323,33,378,111,95,233,1,1,0.97917
324,33,395,107,90,237,1,1,1
325,33,413,103,86,241,1,1,1
326,33,416,100,91,246,1,1,1
327,33,419,97,97,250,1,1,1
328,33,421,94,102,255,1,1,1
329,33,425,91,107,259,1,1,0.98148
330,33,432,90,103,261,1,1,1
331,33,440,90,99,263,1,1,1
332,33,447,89,94,265,1,1,1
333,33,455,88,90,267,1,1,1
334,33,458,83,97,272,1,1,1
335,33,460,78,104,277,1,1,1
336,33,463,72,110,282,1,1,1
337,33,466,67,117,287,1,1,1
338,33,472,66,119,291,1,1,1
339,33,478,65,121,294,1,1,1
340,33,483,64,123,298,1,1,1
341,33,489,63,125,301,1,1,1
342,33,508,62,128,306,1,1,1
343,33,529,62,131,311,1,1,0.84848
326,34,108,81,97,260,1,1,0.85714
327,34,95,80,98,268,1,1,1
328,34,83,79,98,277,1,1,1
329,34,71,67,99,295,1,1,1
330,34,54,60,96,309,1,1,1
331,34,37,57,96,319,1,1,1
332,34,-1,37,115,343,1,1,0.98276
333,34,-16,34,119,350,1,1,0.85833
316,35,373,188,77,146,1,1,0.84615
321,35,460,175,52,162,1,1,1
322,35,469,164,64,167,1,1,1
323,35,484,161,89,175,1,1,1
324,35,491,157,100,176,1,1,1
325,35,511,148,96,185,1,1,1
326,35,529,148,78,186,1,1,1
327,35,558,139,65,194,1,1,1
328,35,565,142,81,195,1,1,0.92683
330,35,559,147,95,195,1,1,0.85417
331,35,566,154,91,192,1,1,0.81522
301,37,3,149,61,167,1,1,0.98387
309,37,29,142,62,174,1,1,1
314,37,5,140,94,184,1,1,1
315,37,2,145,86,185,1,1,1
316,37,18,146,67,178,1,1,1
317,37,27,141,62,184,1,1,1
318,37,25,144,68,185,1,1,1
319,37,26,143,76,186,1,1,1
320,37,33,139,75,184,1,1,1
321,37,45,138,76,183,1,1,1
322,37,52,129,76,181,1,1,1
323,37,61,125,75,181,1,1,0.97368
335,37,32,113,66,185,1,1,1
336,37,28,110,66,185,1,1,1
337,37,24,108,66,184,1,1,1
338,37,27,110,67,183,1,1,0.81506
339,37,29,111,68,182,1,1,0.88596
340,37,33,113,69,181,1,1,1
341,37,35,113,71,181,1,1,1
342,37,38,115,72,180,1,1,1
343,37,41,116,73,179,1,1,0.85135
350,37,100,131,79,168,1,1,1
351,37,110,127,76,171,1,1,1
352,37,122,124,72,173,1,1,1
353,37,134,121,68,175,1,1,1
354,37,141,121,70,175,1,1,1
355,37,148,121,72,175,1,1,1
356,37,155,120,74,175,1,1,1
357,37,157,124,79,169,1,1,1
358,37,161,127,77,175,1,1,1
359,37,177,154,57,170,1,1,1
360,37,187,159,54,171,1,1,1
361,37,186,154,57,170,1,1,0.80399
362,37,186,153,57,165,1,1,0.80681
364,37,180,160,63,167,1,1,1
365,37,190,168,56,161,1,1,1
366,37,186,157,55,167,1,1,1
368,37,208,148,63,159,1,1,1
369,37,220,155,69,162,1,1,1
370,37,220,159,71,163,1,1,1
371,37,221,155,69,163,1,1,1
372,37,235,156,64,158,1,1,1
373,37,249,157,55,158,1,1,1
374,37,259,158,56,157,1,1,1
375,37,267,158,59,157,1,1,1
376,37,271,159,59,156,1,1,1
377,37,275,160,60,156,1,1,1
378,37,278,161,58,157,1,1,1
379,37,283,160,55,159,1,1,1
380,37,286,161,53,160,1,1,1
381,37,290,161,50,161,1,1,1
382,37,288,161,53,160,1,1,1
383,37,285,161,64,158,1,1,0.98587
384,37,282,160,60,158,1,1,1
385,37,280,160,63,157,1,1,1
386,37,279,161,62,158,1,1,1
387,37,279,161,60,160,1,1,1
388,37,277,153,58,162,1,1,0.90517
389,37,279,162,57,162,1,1,1
390,37,274,163,56,159,1,1,1
391,37,269,165,55,156,1,1,1
392,37,265,167,53,152,1,1,1
393,37,260,168,52,149,1,1,1
394,37,257,168,54,150,1,1,1
395,37,255,168,56,152,1,1,1
396,37,252,168,58,153,1,1,1
397,37,250,168,60,154,1,1,1
398,37,250,167,57,153,1,1,1
399,37,249,166,55,153,1,1,1
400,37,249,165,52,152,1,1,1
401,37,249,164,49,151,1,1,1
402,37,246,164,53,151,1,1,1
403,37,243,163,57,151,1,1,0.81284
407,37,243,159,58,150,1,1,1
408,37,246,156,55,150,1,1,1
409,37,249,154,52,150,1,1,1
410,37,247,155,51,150,1,1,1
411,37,245,155,49,150,1,1,1
412,37,242,157,48,149,1,1,1
413,37,240,157,46,149,1,1,1
414,37,234,160,47,147,1,1,1
415,37,228,162,47,145,1,1,1
416,37,221,166,48,142,1,1,1
417,37,215,168,48,140,1,1,0.93921
418,37,211,166,48,139,1,1,0.95977
419,37,208,166,48,137,1,1,1
420,37,204,164,48,136,1,1,1
421,37,201,163,48,134,1,1,1
422,37,197,162,48,134,1,1,1
423,37,194,162,47,134,1,1,1
424,37,190,162,47,133,1,1,0.95927
425,37,186,161,46,133,1,1,0.93808
426,37,183,159,45,132,1,1,0.97891
427,37,179,157,44,131,1,1,1
428,37,176,156,43,129,1,1,1
429,37,172,154,42,128,1,1,1
430,37,168,154,44,128,1,1,1
431,37,164,155,46,127,1,1,1
432,37,160,154,48,127,1,1,1
433,37,157,155,50,126,1,1,1
434,37,155,152,49,127,1,1,1
435,37,153,150,48,128,1,1,1
436,37,151,148,47,128,1,1,1
437,37,149,145,46,129,1,1,1
445,37,140,153,42,120,1,1,1
446,37,143,154,41,120,1,1,1
447,37,147,155,39,119,1,1,1
448,37,149,156,38,119,1,1,1
449,37,153,157,36,118,1,1,1
450,37,161,158,37,116,1,1,1
451,37,168,160,38,114,1,1,1
452,37,176,161,39,112,1,1,1
453,37,184,162,40,110,1,1,1
454,37,191,163,40,110,1,1,1
455,37,198,164,40,110,1,1,1
456,37,207,165,39,109,1,1,1
457,37,214,166,39,109,1,1,1
458,37,220,168,39,107,1,1,0.95
459,37,226,168,39,106,1,1,0.925
460,37,232,170,38,104,1,1,0.84615
461,37,238,171,38,102,1,1,0.82051
462,37,238,170,38,103,1,1,0.87179
463,37,239,171,38,103,1,1,0.89744
464,37,239,170,38,104,1,1,0.84615
321,40,524,169,61,133,1,1,1
345,41,-11,120,81,184,1,1,0.85366
346,41,-14,128,90,179,1,1,0.83516
347,41,9,128,80,172,1,1,1
348,41,36,126,60,174,1,1,1
349,41,48,127,56,175,1,1,1
353,41,71,130,76,151,1,1,0.81818
354,41,84,129,70,154,1,1,0.80282
359,41,114,156,69,162,1,1,0.9
360,41,115,154,76,162,1,1,0.93706
361,41,113,163,84,161,1,1,0.85882
362,41,120,164,77,161,1,1,1
363,41,127,166,71,160,1,1,1
365,41,142,168,57,159,1,1,0.82759
367,41,132,148,75,159,1,1,0.81694
368,41,137,151,85,155,1,1,0.82558
369,41,156,160,70,152,1,1,0.90141
377,41,226,158,55,153,1,1,0.87662
378,41,228,156,53,156,1,1,0.92828
379,41,232,155,51,159,1,1,0.98137
380,41,235,160,51,155,1,1,0.98089
381,41,239,166,51,151,1,1,0.98077
382,41,238,168,51,148,1,1,0.96154
383,41,228,174,57,146,1,1,1
384,41,235,165,50,147,1,1,0.92157
385,41,234,164,49,146,1,1,0.92
386,41,232,166,51,146,1,1,0.90385
387,41,230,169,52,145,1,1,0.92453
388,41,229,164,53,151,1,1,0.88889
389,41,227,173,55,144,1,1,0.92857
390,41,223,172,54,144,1,1,0.92727
391,41,218,171,54,144,1,1,0.92727
392,41,215,169,53,144,1,1,0.92593
393,41,211,168,52,144,1,1,0.92453
394,41,209,169,53,144,1,1,0.88889
395,41,207,169,54,144,1,1,0.87273
396,41,206,170,55,144,1,1,0.82143
397,41,204,170,56,144,1,1,0.80702
398,41,203,168,54,146,1,1,0.85455
399,41,202,166,52,148,1,1,0.88679
400,41,202,164,49,150,1,1,0.9404
401,41,201,162,47,152,1,1,1
402,41,195,161,52,152,1,1,0.963
403,41,198,165,55,150,1,1,1
404,41,196,167,58,148,1,1,1
405,41,195,168,62,147,1,1,1
407,41,195,165,55,143,1,1,0.85714
408,41,195,163,51,141,1,1,0.98077
409,41,195,161,47,139,1,1,1
410,41,192,161,47,139,1,1,1
411,41,187,162,48,139,1,1,1
412,41,184,163,48,138,1,1,1
413,41,181,163,48,138,1,1,1
414,41,177,164,49,139,1,1,1
415,41,173,166,50,139,1,1,1
416,41,169,167,50,140,1,1,1
417,41,166,169,51,140,1,1,1
418,41,161,168,51,139,1,1,1
419,41,155,167,52,137,1,1,1
420,41,150,166,52,136,1,1,1
421,41,146,165,52,134,1,1,1
422,41,143,165,52,133,1,1,1
423,41,142,165,51,132,1,1,1
424,41,140,165,51,130,1,1,0.96154
425,41,138,165,50,129,1,1,0.94118
426,41,134,163,49,129,1,1,1
427,41,129,162,48,129,1,1,1
428,41,125,161,47,128,1,1,1
429,41,120,159,46,128,1,1,1
430,41,116,158,47,128,1,1,1
431,41,112,157,49,128,1,1,1
432,41,108,156,50,127,1,1,1
433,41,105,155,51,127,1,1,1
434,41,101,153,51,127,1,1,1
435,41,96,152,51,126,1,1,1
436,41,92,149,50,126,1,1,1
437,41,88,148,50,125,1,1,1
438,41,88,149,49,125,1,1,1
343,43,220,167,43,97,1,1,0.93182
344,43,213,166,46,98,1,1,1
345,43,208,166,49,99,1,1,1
346,43,208,167,49,102,1,1,1
347,43,207,168,49,104,1,1,1
348,43,207,169,48,107,1,1,1
349,43,207,170,48,109,1,1,1
350,43,203,168,49,110,1,1,1
351,43,199,164,49,112,1,1,1
352,43,194,162,50,113,1,1,0.98039
363,44,2,85,86,317,1,1,1
364,44,3,88,85,317,1,1,1
365,44,3,91,85,317,1,1,1
366,44,2,88,98,315,1,1,1
367,44,2,85,111,314,1,1,1
368,44,2,82,123,312,1,1,1
369,44,2,79,136,310,1,1,1
370,44,9,79,135,310,1,1,1
371,44,16,80,134,310,1,1,1
372,44,24,81,132,309,1,1,1
373,44,32,81,131,309,1,1,0.87744
374,44,33,82,130,308,1,1,0.83295
375,44,36,82,129,308,1,1,0.80373
376,44,37,82,128,307,1,1,0.8063
377,44,39,83,127,306,1,1,1
378,44,40,81,125,311,1,1,1
379,44,41,78,124,316,1,1,1
380,44,42,76,122,321,1,1,1
381,44,44,73,120,326,1,1,1
382,44,33,71,120,332,1,1,1
383,44,23,68,120,338,1,1,1
384,44,13,67,120,343,1,1,1
385,44,3,64,120,349,1,1,1
386,44,3,65,117,350,1,1,1
387,44,3,67,114,351,1,1,1
336,46,210,191,20,48,1,1,0.80952
337,46,203,189,20,48,1,1,1
338,46,198,190,20,48,1,1,1
339,46,194,191,20,48,1,1,1
340,46,190,192,20,48,1,1,1
341,46,186,193,20,48,1,1,1
342,46,188,195,20,48,1,1,1
343,46,186,197,20,49,1,1,1
344,46,186,198,21,49,1,1,1
345,46,187,199,21,49,1,1,0.95455
346,46,188,201,21,49,1,1,0.90909
372,46,173,216,26,54,1,1,0.81481
373,46,177,217,26,55,1,1,1
374,46,182,219,25,56,1,1,1
375,46,181,217,26,57,1,1,1
376,46,181,216,27,57,1,1,1
377,46,181,215,27,57,1,1,1
378,46,181,214,28,57,1,1,1
379,46,177,212,27,55,1,1,1
380,46,174,217,24,55,1,1,1
381,46,169,217,25,57,1,1,1
382,46,164,218,26,58,1,1,1
383,46,156,216,27,59,1,1,1
384,46,149,214,27,61,1,1,1
385,46,142,213,28,62,1,1,1
386,46,134,212,28,62,1,1,1
387,46,126,212,28,62,1,1,1
388,46,119,212,28,62,1,1,1
389,46,110,219,28,62,1,1,1
390,46,101,218,26,60,1,1,1
391,46,84,212,26,61,1,1,1
392,46,76,211,25,63,1,1,1
393,46,67,214,24,64,1,1,1
394,46,67,216,24,64,1,1,1
395,46,52,215,25,64,1,1,1
396,46,45,215,25,64,1,1,1
397,46,38,215,25,64,1,1,1
398,46,30,215,26,65,1,1,1
399,46,23,213,27,67,1,1,1
400,46,16,213,27,68,1,1,1
401,46,9,212,28,69,1,1,1
402,46,-2,212,32,68,1,1,0.90909
403,46,-4,212,29,69,1,1,0.83333
378,47,460,192,30,91,1,1,1
379,47,461,192,31,90,1,1,1
380,47,458,195,32,90,1,1,1
381,47,456,199,33,91,1,1,1
382,47,454,195,32,90,1,1,1
383,47,452,198,31,89,1,1,1
384,47,449,198,30,88,1,1,1
385,47,447,193,31,86,1,1,1
386,47,441,194,29,86,1,1,1
387,47,434,189,29,85,1,1,1
388,47,433,192,29,86,1,1,1
389,47,428,202,28,85,1,1,1
390,47,420,194,29,87,1,1,1
391,47,411,200,30,86,1,1,1
392,47,404,198,30,87,1,1,1
393,47,396,197,31,87,1,1,1
394,47,390,197,33,87,1,1,1
395,47,384,198,34,87,1,1,1
396,47,378,198,36,87,1,1,1
397,47,373,198,37,87,1,1,1
398,47,371,199,34,85,1,1,1
399,47,370,200,31,83,1,1,1
400,47,367,201,28,81,1,1,1
401,47,366,202,25,79,1,1,1
402,47,363,200,26,80,1,1,1
403,47,362,197,27,81,1,1,1
404,47,359,196,28,81,1,1,1
405,47,357,193,29,82,1,1,1
406,47,355,192,30,82,1,1,1
407,47,354,191,31,82,1,1,1
408,47,353,190,31,81,1,1,1
409,47,351,189,32,81,1,1,1
410,47,347,188,31,81,1,1,1
411,47,342,187,30,81,1,1,1
412,47,338,186,28,81,1,1,1
413,47,334,185,27,81,1,1,1
414,47,327,188,28,80,1,1,1
415,47,321,191,28,79,1,1,1
416,47,315,193,29,78,1,1,1
417,47,309,196,29,77,1,1,1
418,47,302,195,30,77,1,1,1
419,47,297,193,31,77,1,1,1
420,47,291,192,31,77,1,1,1
421,47,285,190,32,77,1,1,1
422,47,281,189,29,76,1,1,1
423,47,277,188,27,75,1,1,1
424,47,272,187,24,73,1,1,1
425,47,269,186,21,72,1,1,1
426,47,263,186,21,72,1,1,1
427,47,256,185,22,72,1,1,1
428,47,250,185,22,72,1,1,1
429,47,245,184,22,72,1,1,1
430,47,239,183,24,73,1,1,1
431,47,234,180,26,75,1,1,1
432,47,230,179,27,76,1,1,1
433,47,225,177,29,77,1,1,1
434,47,220,176,30,77,1,1,1
435,47,216,177,30,76,1,1,1
436,47,211,176,31,76,1,1,1
437,47,207,176,31,75,1,1,1
444,47,196,180,28,73,1,1,1
445,47,195,180,28,73,1,1,1
446,47,196,181,28,72,1,1,1
447,47,198,182,28,71,1,1,1
448,47,200,183,27,70,1,1,1
449,47,202,184,27,69,1,1,1
450,47,210,183,26,70,1,1,0.88889
381,49,503,165,71,168,1,1,0.94444
382,49,506,162,81,175,1,1,1
383,49,507,163,80,183,1,1,1
384,49,508,153,86,187,1,1,1
385,49,517,150,71,191,1,1,1
386,49,520,148,69,206,1,1,1
387,49,522,145,73,219,1,1,1
388,49,523,137,76,231,1,1,1
389,49,522,137,80,245,1,1,1
390,49,517,126,82,256,1,1,1
391,49,500,111,112,275,1,1,1
392,49,495,106,126,281,1,1,1
393,49,488,102,155,312,1,1,0.98077
394,49,489,99,165,325,1,1,0.91566
395,49,489,88,175,346,1,1,0.86364
396,49,489,85,180,369,1,1,0.83978
432,50,425,3,246,487,1,1,0.85657
433,50,410,3,245,487,1,1,0.91978
434,50,368,3,245,501,1,1,0.95219
435,50,326,3,244,515,1,1,0.92636
436,50,284,3,244,529,1,1,0.90189
437,50,243,3,243,543,1,1,0.87868
438,50,183,-58,304,596,1,1,0.80402
439,50,123,3,295,529,1,1,0.90189
440,50,63,3,320,521,1,1,0.8501
442,51,506,77,152,335,1,1,0.88235
443,51,498,79,144,329,1,1,0.98621
444,51,491,82,137,322,1,1,1
445,51,483,84,129,316,1,1,1
446,51,484,85,123,313,1,1,1
447,51,485,88,116,309,1,1,1
448,51,485,89,110,306,1,1,1
449,51,487,91,103,302,1,1,1
450,51,484,89,112,309,1,1,1
451,51,480,88,122,315,1,1,1
452,51,478,85,131,322,1,1,1
453,51,475,84,140,328,1,1,1
454,51,476,82,138,331,1,1,1
455,51,478,80,135,333,1,1,1
456,51,479,78,133,336,1,1,1
457,51,480,76,130,338,1,1,1
458,51,486,77,126,336,1,1,1
459,51,492,78,122,334,1,1,1
460,51,498,78,118,332,1,1,1
461,51,505,79,114,330,1,1,1
462,51,499,82,115,332,1,1,1
463,51,493,86,115,334,1,1,1
464,51,486,90,116,335,1,1,1
465,51,480,93,116,337,1,1,1
466,51,471,91,118,334,1,1,1
467,51,462,90,121,330,1,1,1
468,51,454,88,123,327,1,1,1
469,51,445,87,125,323,1,1,0.84921
470,51,445,85,120,324,1,1,1
471,51,445,82,116,325,1,1,1
472,51,446,80,111,326,1,1,1
473,51,447,77,106,327,1,1,1
474,51,450,79,103,328,1,1,1
475,51,452,82,100,328,1,1,1
476,51,456,83,96,329,1,1,1
477,51,459,86,93,329,1,1,1
478,51,451,85,100,327,1,1,1
479,51,443,85,106,324,1,1,1
480,51,436,83,113,322,1,1,0.85965
481,51,428,83,119,319,1,1,0.83333
482,51,421,87,119,321,1,1,0.85833
483,51,414,91,118,323,1,1,0.89076
484,51,407,95,118,325,1,1,1
485,51,401,99,117,327,1,1,1
486,51,395,99,114,327,1,1,1
487,51,391,99,110,327,1,1,1
488,51,386,99,107,327,1,1,1
489,51,381,99,103,327,1,1,1
490,51,380,99,102,325,1,1,1
491,51,379,97,102,324,1,1,0.81553
492,51,379,97,101,322,1,1,0.85294
493,51,378,96,100,320,1,1,0.89109
494,51,378,96,100,324,1,1,0.88119
495,51,379,96,99,328,1,1,0.88
496,51,379,97,99,331,1,1,0.89
497,51,380,97,98,335,1,1,0.88889
498,51,382,95,100,334,1,1,0.85149
502,51,392,88,103,333,1,1,1
503,51,394,88,101,334,1,1,1
504,51,397,87,99,335,1,1,1
505,51,399,87,97,336,1,1,1
506,51,391,85,104,336,1,1,1
507,51,383,84,112,335,1,1,0.84956
508,51,376,82,119,335,1,1,0.85833
509,51,368,81,126,334,1,1,0.84252
510,51,377,84,117,331,1,1,0.87288
511,51,386,87,109,328,1,1,0.87273
512,51,394,91,100,324,1,1,0.90099
531,51,379,110,96,318,1,1,0.91753
532,51,373,107,97,316,1,1,0.97959
533,51,372,98,98,313,1,1,0.89899
534,51,351,95,100,316,1,1,1
535,51,337,93,115,320,1,1,0.86218
472,52,563,76,96,324,1,1,0.80412
481,52,528,71,115,341,1,1,0.97414
482,52,524,75,111,338,1,1,1
483,52,520,79,107,335,1,1,0.88393
484,52,515,82,103,332,1,1,0.89836
492,52,466,90,105,329,1,1,0.86149
493,52,468,88,96,329,1,1,1
494,52,467,88,98,333,1,1,1
495,52,467,88,100,337,1,1,1
496,52,468,88,101,340,1,1,0.895
497,52,468,88,103,344,1,1,0.89699
498,52,468,87,105,343,1,1,1
499,52,466,84,108,343,1,1,1
500,52,466,83,110,342,1,1,1
501,52,466,81,112,341,1,1,1
503,52,473,82,113,337,1,1,0.80183
504,52,476,82,114,335,1,1,0.82011
505,52,480,82,114,333,1,1,0.85439
506,52,480,80,115,337,1,1,0.86411
507,52,479,78,117,341,1,1,0.85846
508,52,479,77,118,344,1,1,1
509,52,479,75,119,348,1,1,1
510,52,485,77,117,345,1,1,1
511,52,489,80,116,342,1,1,1
512,52,495,83,114,338,1,1,1
513,52,501,85,112,335,1,1,1
514,52,498,88,118,336,1,1,1
515,52,496,90,124,337,1,1,1
516,52,494,93,130,338,1,1,0.93893
537,52,438,90,105,330,1,1,0.91509
538,52,443,86,105,334,1,1,0.96226
539,52,449,84,105,337,1,1,1
540,52,454,80,105,341,1,1,1
541,52,459,77,105,344,1,1,1
542,52,449,75,121,354,1,1,1
543,52,443,75,135,364,1,1,1
544,52,445,75,142,369,1,1,1
545,52,457,76,142,365,1,1,1
546,52,471,74,136,370,1,1,1
547,52,478,66,136,371,1,1,1
548,52,498,66,135,376,1,1,1
549,52,511,68,136,375,1,1,0.94891
550,52,517,46,130,399,1,1,0.94656
551,52,524,41,125,410,1,1,0.92857
552,52,531,49,121,406,1,1,0.90164
553,52,539,54,116,404,1,1,0.87179
554,52,540,52,115,410,1,1,0.87069
555,52,541,42,115,424,1,1,0.86207
556,52,541,45,115,421,1,1,0.86207
557,52,544,62,115,409,1,1,0.83621
580,52,502,68,107,333,1,1,1
581,52,498,69,103,332,1,1,1
582,52,486,75,111,329,1,1,0.90179
446,53,346,137,64,181,1,1,0.81538
447,53,349,140,63,181,1,1,0.92188
448,53,350,143,62,181,1,1,0.98413
449,53,352,146,61,181,1,1,1
450,53,355,145,62,181,1,1,1
451,53,358,142,64,182,1,1,1
452,53,362,141,65,182,1,1,1
453,53,366,139,66,182,1,1,1
454,53,370,141,68,185,1,1,1
455,53,377,138,67,186,1,1,1
456,53,379,136,68,187,1,1,0.95652
457,53,384,135,68,189,1,1,0.91304
458,53,390,137,66,190,1,1,0.8806
459,53,396,138,64,192,1,1,0.93846
460,53,404,139,61,193,1,1,1
461,53,410,141,59,194,1,1,1
462,53,410,141,58,193,1,1,1
463,53,410,140,56,193,1,1,1
464,53,411,140,55,192,1,1,1
465,53,411,140,53,191,1,1,1
466,53,410,140,53,192,1,1,1
467,53,410,139,52,194,1,1,0.98113
468,53,409,138,52,195,1,1,0.84906
513,55,13,125,83,228,1,1,0.83333
514,55,10,119,76,237,1,1,1
515,55,7,113,70,247,1,1,1
516,55,5,106,63,257,1,1,1
530,56,116,165,51,151,1,1,0.98077
531,56,102,161,56,158,1,1,0.84211
532,56,90,158,60,164,1,1,1
533,56,78,155,64,170,1,1,1
534,56,52,145,74,183,1,1,1
535,56,45,138,72,190,1,1,1
536,56,30,130,75,200,1,1,1
537,56,14,121,79,210,1,1,1
538,56,-8,119,95,223,1,1,0.90625
539,56,-17,116,99,237,1,1,0.82
540,56,-17,114,94,250,1,1,0.81053
539,57,124,145,51,144,1,1,0.94231
540,57,124,142,53,149,1,1,1
541,57,124,141,55,153,1,1,1
542,57,119,140,60,157,1,1,1
543,57,115,138,66,162,1,1,1
544,57,111,137,71,166,1,1,1
545,57,107,136,76,170,1,1,1
546,57,108,132,74,175,1,1,1
547,57,110,129,73,179,1,1,1
548,57,111,125,71,184,1,1,1
549,57,113,122,69,188,1,1,1
550,57,97,105,72,205,1,1,1
551,57,93,112,76,207,1,1,1
552,57,83,107,80,217,1,1,1
553,57,74,102,83,226,1,1,1
554,57,61,99,87,236,1,1,1
555,57,51,89,91,246,1,1,1
556,57,34,86,96,256,1,1,1
557,57,22,92,98,265,1,1,1
558,57,0,85,108,271,1,1,0.99083
547,58,194,140,53,164,1,1,0.83333
548,58,198,138,53,168,1,1,0.92593
549,58,202,136,53,173,1,1,1
550,58,197,118,57,177,1,1,1
551,58,188,113,71,185,1,1,1
552,58,178,115,74,191,1,1,1
553,58,169,117,83,196,1,1,1
554,58,165,117,86,203,1,1,1
555,58,169,114,77,214,1,1,1
556,58,164,112,79,224,1,1,1
557,58,159,110,81,234,1,1,1
558,58,151,103,84,245,1,1,1
559,58,147,90,86,256,1,1,1
560,58,137,89,89,267,1,1,1
561,58,129,82,92,278,1,1,1
562,58,117,72,97,297,1,1,1
563,58,101,62,104,316,1,1,1
564,58,90,52,106,339,1,1,1
565,58,79,43,113,354,1,1,1
566,58,60,33,123,378,1,1,1
567,58,40,23,134,402,1,1,1
568,58,21,11,144,426,1,1,1
569,58,-24,-15,178,477,1,1,0.83154
570,59,427,8,132,402,1,1,0.81955
571,59,438,-6,142,430,1,1,0.90121
572,59,435,-5,152,463,1,1,0.8903
573,59,450,-21,162,513,1,1,0.93385
574,59,458,-38,184,550,1,1,0.86173
575,59,468,-34,180,547,1,1,0.8372
584,60,204,158,51,147,1,1,0.90385
585,60,202,153,48,152,1,1,1
586,60,195,151,63,159,1,1,1
587,60,189,146,61,163,1,1,1
588,60,181,146,58,167,1,1,1
589,60,152,144,65,174,1,1,1
590,60,140,140,65,182,1,1,1
591,60,122,138,71,191,1,1,1
592,60,104,140,75,199,1,1,1
593,60,86,133,74,209,1,1,1
594,60,69,120,78,222,1,1,0.98734
595,60,50,116,86,234,1,1,0.82759
559,61,438,96,97,319,1,1,0.83673
560,61,442,84,101,345,1,1,0.88235
561,61,453,66,105,368,1,1,1
562,61,454,53,115,386,1,1,1
563,61,472,41,134,431,1,1,1
564,61,485,33,145,458,1,1,0.97603
565,61,498,21,145,476,1,1,0.94454
600,62,139,153,73,161,1,1,0.85135
601,62,134,154,76,165,1,1,0.88312
602,62,139,151,66,171,1,1,0.86567
608,62,101,133,88,201,1,1,0.91011
609,62,95,122,94,215,1,1,0.96842
610,62,90,122,94,223,1,1,1
611,62,84,121,91,232,1,1,1
612,62,79,115,91,244,1,1,1
613,62,63,105,89,248,1,1,0.94444
601,63,562,3,91,485,1,1,0.84456
614,64,136,156,53,137,1,1,0.83333
615,64,132,152,53,144,1,1,0.92593
616,64,129,144,53,148,1,1,1
617,64,125,138,53,154,1,1,1
618,64,115,138,57,157,1,1,1
619,64,104,138,61,160,1,1,1
620,64,92,133,66,163,1,1,0.83582
631,65,279,112,80,254,1,1,0.83975
632,65,288,111,78,254,1,1,0.92465
633,65,297,110,76,254,1,1,0.9618
634,65,302,112,73,250,1,1,1
635,65,306,113,70,247,1,1,0.91583
636,65,312,114,66,243,1,1,1
637,65,317,116,63,239,1,1,1
638,65,312,116,64,240,1,1,1
639,65,308,117,65,241,1,1,1
640,65,304,118,65,241,1,1,1
641,65,300,118,66,242,1,1,1
642,65,297,119,66,238,1,1,1
643,65,295,121,66,233,1,1,1
644,65,293,122,65,229,1,1,1
645,65,291,124,65,224,1,1,1
646,65,285,126,68,225,1,1,1
647,65,280,128,70,227,1,1,1
648,65,275,130,73,228,1,1,1
649,65,270,132,75,229,1,1,1
650,65,267,134,73,226,1,1,1
651,65,263,135,71,224,1,1,1
652,65,260,136,69,221,1,1,0.95714
653,65,256,138,67,218,1,1,0.91176
654,65,260,133,67,218,1,1,0.94118
655,65,263,129,68,218,1,1,0.97101
656,65,267,124,68,218,1,1,1
657,65,271,119,68,218,1,1,1
658,65,272,121,67,217,1,1,1
659,65,273,125,66,215,1,1,1
660,65,274,127,64,214,1,1,1
661,65,276,130,63,212,1,1,1
662,65,277,129,62,212,1,1,1
663,65,280,128,61,212,1,1,1
664,65,281,127,60,211,1,1,1
665,65,283,126,59,211,1,1,1
666,65,281,126,64,208,1,1,1
667,65,278,127,70,205,1,1,0.90284
668,65,277,128,75,201,1,1,0.86907
669,65,275,128,80,198,1,1,0.80247
670,65,281,130,75,198,1,1,0.84369
671,65,287,132,70,198,1,1,0.90339
672,65,293,143,66,199,1,1,1
673,65,300,136,59,198,1,1,1
674,65,295,137,59,195,1,1,1
675,65,288,138,60,193,1,1,1
676,65,283,139,60,190,1,1,1
677,65,278,140,60,187,1,1,0.88525
678,65,278,141,61,186,1,1,1
679,65,278,144,61,184,1,1,1
680,65,277,145,62,183,1,1,1
681,65,277,147,62,181,1,1,0.96843
682,65,275,145,64,184,1,1,0.93913
683,65,273,142,66,187,1,1,0.89719
684,65,272,140,67,190,1,1,0.88482
685,65,270,137,69,193,1,1,1
686,65,269,135,65,193,1,1,0.89722
687,65,267,134,61,193,1,1,0.88942
688,65,266,133,56,192,1,1,0.93092
689,65,265,131,52,192,1,1,0.96285
690,65,265,132,51,190,1,1,0.96214
691,65,265,133,50,188,1,1,0.9807
692,65,266,134,49,186,1,1,1
693,65,266,135,48,184,1,1,1
694,65,267,134,49,184,1,1,1
695,65,267,134,51,184,1,1,1
696,65,268,133,52,184,1,1,1
697,65,269,132,53,184,1,1,1
698,65,268,132,53,182,1,1,0.98148
699,65,267,132,53,180,1,1,0.81481
616,66,188,105,79,269,1,1,0.9375
617,66,182,99,84,271,1,1,1
618,66,178,98,76,269,1,1,1
619,66,170,95,78,268,1,1,1
620,66,166,96,79,266,1,1,1
621,66,166,105,81,265,1,1,1
622,66,165,109,83,264,1,1,1
623,66,164,112,85,263,1,1,1
624,66,163,117,87,261,1,1,1
625,66,162,120,89,260,1,1,1
626,66,169,118,87,260,1,1,1
627,66,175,115,84,260,1,1,1
628,66,182,113,82,260,1,1,1
629,66,189,110,79,260,1,1,1
630,66,197,111,79,259,1,1,1
631,66,203,113,80,258,1,1,1
632,66,211,114,80,257,1,1,1
633,66,219,115,80,256,1,1,1
634,66,224,115,77,256,1,1,1
635,66,236,114,75,257,1,1,1
636,66,237,114,72,256,1,1,0.86301
637,66,239,114,68,255,1,1,0.85507
677,66,240,139,44,192,1,1,0.86667
664,69,15,118,85,224,1,1,0.89535
665,69,5,113,91,234,1,1,0.91304
666,69,-1,108,84,242,1,1,0.97647
667,69,-14,103,92,250,1,1,0.83871
680,70,377,120,100,272,1,1,0.80198
681,70,375,121,102,273,1,1,0.85437
682,70,373,117,100,276,1,1,0.94059
683,70,372,115,99,278,1,1,1
684,70,370,111,97,281,1,1,1
685,70,369,108,95,283,1,1,1
686,70,368,106,92,284,1,1,1
687,70,367,105,88,285,1,1,1
688,70,367,104,85,285,1,1,1
689,70,366,102,81,286,1,1,1
690,70,361,102,86,287,1,1,1
691,70,358,100,91,289,1,1,1
692,70,354,100,95,290,1,1,1
693,70,350,99,100,291,1,1,1
694,70,352,99,97,290,1,1,1
695,70,355,99,93,289,1,1,1
696,70,356,100,90,287,1,1,1
697,70,359,100,86,286,1,1,0.95402
698,70,348,100,96,288,1,1,0.91753
699,70,339,101,105,289,1,1,0.86792
700,70,328,101,115,291,1,1,0.84483
701,70,318,102,124,292,1,1,0.816
702,70,313,102,123,292,1,1,0.82258
703,70,308,102,122,292,1,1,0.82114
704,70,303,103,120,291,1,1,0.83471
705,70,299,103,119,291,1,1,0.825
706,70,294,103,118,291,1,1,0.83193
707,70,289,103,117,291,1,1,0.83051
708,70,284,103,116,291,1,1,0.83761
709,70,279,103,115,291,1,1,0.83621
710,70,276,100,114,291,1,1,0.82609
711,70,273,96,113,291,1,1,0.80702
742,70,316,109,105,295,1,1,0.80189
743,70,315,108,106,296,1,1,0.82243
744,70,315,109,106,296,1,1,0.85047
745,70,316,109,106,296,1,1,0.85981
746,70,316,109,106,296,1,1,0.88785
747,70,316,110,107,296,1,1,0.89815
748,70,316,110,107,296,1,1,0.91667
749,70,316,110,107,296,1,1,0.94444
750,70,319,108,107,297,1,1,0.93519
751,70,321,107,108,297,1,1,0.93578
752,70,324,105,108,298,1,1,0.92661
753,70,328,104,108,298,1,1,0.91743
754,70,331,103,108,298,1,1,0.90826
755,70,334,102,109,298,1,1,0.89091
756,70,337,100,109,298,1,1,0.89091
757,70,340,99,109,298,1,1,0.88182
758,70,343,98,109,298,1,1,0.88182
759,70,345,96,110,299,1,1,0.87387
760,70,348,95,110,299,1,1,0.87387
761,70,352,94,110,299,1,1,0.85586
762,70,355,93,111,299,1,1,0.83929
763,70,358,91,111,300,1,1,0.83929
764,70,360,89,112,300,1,1,0.83186
765,70,363,88,112,300,1,1,0.83186
766,70,360,91,110,298,1,1,0.89189
767,70,358,95,109,296,1,1,0.94545
768,70,355,99,107,293,1,1,1
769,70,353,102,105,291,1,1,1
770,70,348,99,104,299,1,1,1
771,70,345,98,106,305,1,1,1
772,70,343,98,101,284,1,1,1
773,70,340,96,100,282,1,1,1
774,70,340,98,99,283,1,1,1
775,70,339,100,99,283,1,1,1
776,70,339,102,98,284,1,1,0.82828
826,70,380,105,97,276,1,1,0.85714
827,70,380,106,98,277,1,1,0.9798
828,70,379,106,99,278,1,1,1
829,70,379,106,99,279,1,1,1
830,70,378,106,100,280,1,1,1
831,70,378,106,101,282,1,1,1
832,70,377,107,102,282,1,1,1
833,70,377,107,102,283,1,1,1
834,70,376,107,104,285,1,1,1
835,70,376,107,104,286,1,1,1
836,70,375,107,105,287,1,1,1
837,70,375,108,106,288,1,1,1
688,72,8,79,70,291,1,1,0.80282
677,74,17,181,45,99,1,1,1
678,74,17,181,45,99,1,1,1
679,74,17,181,45,99,1,1,1
680,74,17,181,45,99,1,1,1
681,74,18,182,43,97,1,1,1
691,74,18,162,46,125,1,1,0.80851
701,74,23,152,53,153,1,1,0.87037
692,75,48,134,62,181,1,1,0.87302
693,75,40,131,65,186,1,1,1
694,75,31,127,71,196,1,1,1
695,75,21,124,76,205,1,1,1
696,75,12,120,82,215,1,1,1
697,75,3,117,87,224,1,1,1
698,75,-4,103,74,242,1,1,0.93333
691,76,310,144,51,152,1,1,0.80769
708,80,22,96,95,294,1,1,1
709,80,3,89,102,313,1,1,1
713,81,18,97,78,237,1,1,1
714,81,15,92,85,245,1,1,1
715,81,12,88,92,252,1,1,0.93548
716,81,9,82,98,260,1,1,0.88889
717,81,7,78,105,267,1,1,0.83019
718,81,6,72,107,291,1,1,0.81481
719,81,5,64,109,316,1,1,0.85455
720,81,-3,68,109,321,1,1,0.94545
724,81,-24,32,129,385,1,1,0.80769
730,82,262,154,47,152,1,1,0.875
731,82,263,158,46,151,1,1,0.93617
732,82,264,163,44,149,1,1,0.82222
736,82,259,166,45,147,1,1,0.80435
737,82,257,166,46,146,1,1,0.87234
738,82,258,164,46,147,1,1,0.97872
739,82,260,162,47,148,1,1,1
740,82,261,160,47,148,1,1,1
741,82,263,158,47,149,1,1,1
742,82,265,159,47,150,1,1,1
743,82,267,160,47,151,1,1,1
744,82,268,161,47,151,1,1,0.97917
745,82,270,162,47,152,1,1,0.95833
746,82,273,164,48,149,1,1,0.87755
749,83,93,195,23,62,1,1,0.875
787,83,5,170,35,106,1,1,0.94652
725,84,92,188,27,73,1,1,0.82143
726,84,90,187,26,73,1,1,0.85185
727,84,89,187,25,72,1,1,1
728,84,87,186,24,71,1,1,1
729,84,86,186,23,70,1,1,1
730,84,82,188,25,73,1,1,1
731,84,77,190,27,76,1,1,1
732,84,73,192,29,79,1,1,1
733,84,68,194,31,82,1,1,1
734,84,62,193,33,83,1,1,1
735,84,56,192,35,83,1,1,1
736,84,50,191,36,84,1,1,1
737,84,45,190,38,84,1,1,1
738,84,38,187,40,87,1,1,1
739,84,32,183,42,91,1,1,1
740,84,27,180,43,94,1,1,1
741,84,21,177,45,97,1,1,1
742,84,16,175,46,105,1,1,1
743,84,11,174,48,113,1,1,0.83673
753,84,-3,164,31,113,1,1,0.875
742,85,67,119,81,228,1,1,0.90244
743,85,52,109,85,243,1,1,1
744,85,44,99,89,257,1,1,1
745,85,23,92,104,270,1,1,1
746,85,10,93,105,287,1,1,1
747,85,-1,83,108,303,1,1,0.98165
748,85,-20,75,118,319,1,1,0.82353
750,87,109,117,71,218,1,1,0.86111
751,87,104,109,76,230,1,1,0.93506
752,87,97,100,86,240,1,1,0.95402
753,87,94,93,87,252,1,1,1
754,87,84,86,95,266,1,1,1
755,87,73,79,104,280,1,1,1
756,87,63,73,112,293,1,1,1
757,87,54,66,120,307,1,1,1
758,87,41,52,120,327,1,1,1
759,87,28,39,121,347,1,1,1
760,87,-8,25,144,366,1,1,0.93793
754,88,27,165,49,95,1,1,1
755,88,33,165,47,95,1,1,0.83333
764,88,54,155,40,98,1,1,1
765,88,58,159,38,99,1,1,0.85692
766,88,56,158,39,103,1,1,0.88462
767,88,53,157,40,106,1,1,1
768,88,51,156,41,110,1,1,1
769,88,49,155,42,113,1,1,1
770,88,47,153,43,114,1,1,1
771,88,45,152,45,114,1,1,1
772,88,43,149,46,115,1,1,0.85235
765,89,148,160,54,124,1,1,1
766,89,141,159,53,125,1,1,1
767,89,134,159,53,126,1,1,1
768,89,126,158,52,127,1,1,1
769,89,120,157,51,128,1,1,1
770,89,107,154,52,132,1,1,1
771,89,95,153,53,135,1,1,1
772,89,83,150,53,139,1,1,1
773,89,70,148,54,142,1,1,1
774,89,64,150,52,140,1,1,1
775,89,59,151,49,139,1,1,1
776,89,53,152,47,137,1,1,1
777,89,47,154,44,135,1,1,1
778,89,41,156,46,136,1,1,1
779,89,36,157,49,137,1,1,1
780,89,30,160,51,137,1,1,1
781,89,25,161,53,138,1,1,1
782,89,19,161,50,139,1,1,1
783,89,14,160,47,141,1,1,1
784,89,4,159,48,142,1,1,1
785,89,-5,159,49,142,1,1,0.88
770,90,172,152,46,133,1,1,0.93617
771,90,165,148,52,145,1,1,0.92453
772,90,158,144,54,147,1,1,0.98182
773,90,151,139,56,154,1,1,1
774,90,147,139,55,155,1,1,1
775,90,144,139,57,157,1,1,1
776,90,140,138,57,165,1,1,1
777,90,136,137,57,172,1,1,1
778,90,134,134,59,178,1,1,1
779,90,131,130,60,185,1,1,1
780,90,129,127,62,191,1,1,1
781,90,127,124,63,197,1,1,1
782,90,116,121,70,207,1,1,1
783,90,105,118,78,217,1,1,1
784,90,95,116,85,226,1,1,1
785,90,84,113,92,236,1,1,1
786,90,70,109,93,248,1,1,1
787,90,56,105,94,260,1,1,1
788,90,43,100,95,272,1,1,1
789,90,29,96,96,284,1,1,1
790,90,-1,85,111,305,1,1,0.95579
791,90,-18,92,118,327,1,1,0.84034
769,91,331,186,18,64,1,1,1
770,91,328,185,18,62,1,1,1
771,91,325,184,18,60,1,1,1
772,91,323,183,18,60,1,1,1
773,91,321,183,19,60,1,1,0.95
774,91,319,183,20,60,1,1,1
775,91,317,183,21,60,1,1,0.95455
776,91,315,184,23,62,1,1,0.83333
778,91,316,184,24,65,1,1,0.84
786,92,339,22,186,440,1,1,0.82353
788,92,328,35,192,444,1,1,0.8601
789,92,322,42,186,439,1,1,0.92303
790,92,319,45,190,427,1,1,0.9267
791,92,315,47,187,435,1,1,0.95835
792,92,312,50,189,436,1,1,0.96032
793,92,309,52,186,409,1,1,1
796,92,283,58,216,402,1,1,1
797,92,280,58,215,405,1,1,1
798,92,279,63,206,405,1,1,1
799,92,279,60,206,406,1,1,1
803,92,276,58,216,389,1,1,1
804,92,279,60,215,401,1,1,1
805,92,301,58,204,407,1,1,1
806,92,314,55,208,423,1,1,0.92823
807,92,328,51,215,424,1,1,1
813,92,368,40,248,430,1,1,1
814,92,370,32,236,451,1,1,0.99336
816,92,381,21,214,462,1,1,0.99352
817,92,384,21,216,455,1,1,1
818,92,399,11,202,454,1,1,1
819,92,400,8,202,465,1,1,1
820,92,407,10,194,475,1,1,0.9895
821,92,415,10,196,474,1,1,0.99158
822,92,412,3,176,485,1,1,0.98354
823,92,423,3,177,491,1,1,0.81872
824,92,434,-7,178,502,1,1,0.80032
825,92,448,-14,176,518,1,1,0.92486
826,92,464,-31,173,520,1,1,0.92131
808,93,453,37,124,426,1,1,1
809,93,474,28,127,426,1,1,1
810,93,483,30,129,428,1,1,1
811,93,492,32,131,430,1,1,1
812,93,500,34,133,431,1,1,1
786,94,172,110,77,248,1,1,0.88554
787,94,159,106,82,261,1,1,1
788,94,145,102,88,273,1,1,1
789,94,132,98,93,286,1,1,1
790,94,108,90,104,309,1,1,1
791,94,86,82,114,331,1,1,0.87349
792,94,63,74,125,354,1,1,0.8254
793,94,40,66,135,376,1,1,1
794,94,8,50,146,403,1,1,1
795,94,-27,35,157,439,1,1,0.82278
761,95,129,176,29,75,1,1,1
762,95,127,170,29,77,1,1,1
763,95,125,165,29,78,1,1,1
764,95,123,168,29,77,1,1,1
783,95,58,170,39,103,1,1,0.9
784,95,55,171,40,103,1,1,0.97561
791,96,195,189,37,88,1,1,0.84211
792,96,191,188,37,90,1,1,1
793,96,186,189,38,91,1,1,1
794,96,182,187,37,94,1,1,1
795,96,177,184,37,97,1,1,1
796,96,172,183,36,99,1,1,1
797,96,168,180,35,102,1,1,1
798,96,165,178,35,104,1,1,1
799,96,162,178,34,105,1,1,1
800,96,159,176,34,107,1,1,1
801,96,157,175,33,108,1,1,1
802,96,158,176,34,109,1,1,1
803,96,158,177,36,111,1,1,1
804,96,160,178,37,112,1,1,1
805,96,161,179,38,113,1,1,1
806,96,166,178,40,117,1,1,1
807,96,171,176,43,121,1,1,1
808,96,175,169,46,125,1,1,1
809,96,182,174,47,128,1,1,1
810,96,182,173,49,131,1,1,1
811,96,183,171,51,134,1,1,1
812,96,183,170,52,137,1,1,1
813,96,184,168,54,140,1,1,1
814,96,181,166,54,144,1,1,1
815,96,179,164,54,148,1,1,1
816,96,178,161,53,152,1,1,1
817,96,176,159,53,156,1,1,1
818,96,168,156,54,164,1,1,1
819,96,162,154,55,171,1,1,1
820,96,154,151,56,179,1,1,1
821,96,147,149,57,186,1,1,1
822,96,134,145,63,194,1,1,1
823,96,121,142,69,202,1,1,1
824,96,108,139,74,209,1,1,1
825,96,95,135,80,217,1,1,1
826,96,84,129,83,230,1,1,1
827,96,74,123,85,242,1,1,1
828,96,63,117,88,255,1,1,1
829,96,53,111,90,267,1,1,1
830,96,41,103,91,281,1,1,1
831,96,28,94,92,295,1,1,1
832,96,15,85,93,309,1,1,1
833,96,3,77,94,323,1,1,1
834,96,-10,68,95,343,1,1,0.88542
765,97,91,166,37,94,1,1,1
766,97,91,166,35,95,1,1,0.86111
767,97,91,166,33,96,1,1,0.91176
768,97,91,166,30,96,1,1,0.93548
769,97,91,166,28,97,1,1,0.96552
798,97,65,158,35,125,1,1,0.88889
795,98,128,179,42,96,1,1,0.93023
796,98,121,177,40,98,1,1,1
797,98,115,175,38,100,1,1,1
798,98,109,173,38,104,1,1,1
799,98,104,170,37,109,1,1,1
800,98,98,167,37,113,1,1,1
801,98,92,165,36,117,1,1,0.94595
802,98,88,165,38,118,1,1,0.84615
801,99,205,185,28,84,1,1,0.86207
802,99,205,186,29,84,1,1,0.9
803,99,205,186,30,84,1,1,0.93548
804,99,205,187,30,84,1,1,1
805,99,206,187,31,84,1,1,0.91838
806,99,212,187,30,86,1,1,0.90323
809,99,232,186,27,91,1,1,1
810,99,236,186,31,93,1,1,1
812,99,236,182,35,96,1,1,0.85395
814,99,236,179,37,101,1,1,0.86068
815,99,235,178,37,104,1,1,0.83509
816,99,234,176,36,107,1,1,0.85586
817,99,234,175,35,110,1,1,1
818,99,229,173,36,114,1,1,0.83055
819,99,226,172,36,118,1,1,0.83148
820,99,222,170,37,122,1,1,0.81172
821,99,218,168,37,126,1,1,0.83755
822,99,212,166,38,131,1,1,0.86597
823,99,205,164,40,136,1,1,0.91526
824,99,200,162,41,141,1,1,0.91885
825,99,194,160,42,146,1,1,1
826,99,184,156,44,153,1,1,1
827,99,174,153,46,159,1,1,1
828,99,165,149,48,166,1,1,1
829,99,155,145,51,173,1,1,1
830,99,146,142,53,179,1,1,1
831,99,136,138,55,186,1,1,1
832,99,127,135,57,192,1,1,1
833,99,117,131,59,199,1,1,1
834,99,106,126,65,213,1,1,1
835,99,95,123,72,226,1,1,1
836,99,84,118,78,240,1,1,1
837,99,74,114,84,253,1,1,1
798,100,20,144,48,152,1,1,1
799,100,26,147,48,152,1,1,1
800,100,20,144,48,152,1,1,1
801,100,21,145,46,150,1,1,1
802,100,20,144,48,152,1,1,1
803,100,20,143,50,154,1,1,1
804,100,21,143,51,155,1,1,1
805,100,21,142,53,157,1,1,1
806,100,30,142,50,158,1,1,1
807,100,39,143,47,158,1,1,1
808,100,48,143,44,159,1,1,1
809,100,57,144,41,159,1,1,1
810,100,59,144,44,160,1,1,1
811,100,63,144,47,161,1,1,1
812,100,66,145,49,161,1,1,1
813,100,69,145,52,162,1,1,1
814,100,65,143,53,166,1,1,1
815,100,60,140,54,170,1,1,1
816,100,56,138,55,174,1,1,1
817,100,51,135,56,178,1,1,1
818,100,45,134,57,180,1,1,1
819,100,40,132,57,182,1,1,1
820,100,34,131,58,184,1,1,1
821,100,29,129,58,186,1,1,1
822,100,22,126,58,193,1,1,1
823,100,16,124,57,199,1,1,1
824,100,9,120,57,206,1,1,1
825,100,0,118,59,211,1,1,0.98333
826,100,-11,116,62,214,1,1,0.80952
814,101,268,191,27,90,1,1,0.92857
816,101,265,188,31,95,1,1,0.8125
818,101,259,185,35,102,1,1,0.80556
819,101,256,185,36,105,1,1,0.81081
821,101,249,183,39,112,1,1,1
822,101,245,183,40,115,1,1,1
823,101,242,182,40,118,1,1,0.90244
824,101,238,183,41,120,1,1,0.90476
825,101,235,182,41,123,1,1,0.95238
826,101,230,180,41,128,1,1,1
827,101,225,178,41,133,1,1,1
828,101,220,177,41,137,1,1,1
829,101,215,175,41,142,1,1,1
830,101,207,172,43,148,1,1,1
831,101,198,167,46,155,1,1,1
832,101,190,164,48,161,1,1,1
833,101,183,160,50,167,1,1,1
834,101,177,156,53,179,1,1,1
835,101,165,155,54,190,1,1,0.94545
836,101,162,150,58,201,1,1,0.98305
837,101,160,145,61,213,1,1,1
832,103,231,164,41,125,1,1,0.80952
834,103,226,159,45,134,1,1,0.8913
835,103,226,155,47,141,1,1,1
836,103,227,152,48,147,1,1,1
837,103,228,150,49,153,1,1,1
833,104,275,169,39,102,1,1,0.875
834,104,272,169,43,101,1,1,0.95455
835,104,275,169,39,102,1,1,1
836,104,272,165,44,103,1,1,0.91111
837,104,275,167,41,104,1,1,0.92857
1,116,307,213,12,32,1,1,1
2,116,312,213,12,32,1,1,1
3,116,317,213,12,32,1,1,1
4,116,322,213,12,32,1,1,1
5,116,329,213,12,32,1,1,0.85315
9,116,357,215,12,32,1,1,1
10,116,365,215,12,32,1,1,1
11,116,374,216,12,32,1,1,1
12,116,383,216,12,32,1,1,1
13,116,392,216,12,32,1,1,1
31,116,463,206,15,38,1,1,1
32,116,467,207,15,38,1,1,1
33,116,476,206,16,38,1,1,1
34,116,486,205,16,39,1,1,1
35,116,495,204,17,40,1,1,1
36,116,505,204,17,40,1,1,1
37,116,510,206,17,41,1,1,1
38,116,515,206,18,41,1,1,1
50,116,533,204,22,46,1,1,1
85,116,613,191,29,62,1,1,0.93333
86,116,616,191,29,63,1,1,0.83333
306,122,509,120,115,258,1,1,1
307,122,505,119,120,261,1,1,1
308,122,501,118,125,265,1,1,1
309,122,497,116,130,277,1,1,1
310,122,493,114,135,289,1,1,1
311,122,492,119,140,307,1,1,1
312,122,487,100,144,325,1,1,1
313,122,484,92,148,345,1,1,1
314,122,481,85,153,365,1,1,1
315,122,482,77,162,398,1,1,0.97546
316,122,486,60,171,432,1,1,0.87619
458,123,-13,-4,218,557,1,1,0.80522
459,123,-8,-6,217,559,1,1,0.82176
460,123,-3,-8,216,561,1,1,0.83835
461,123,2,-11,215,564,1,1,0.84956
462,123,7,-13,214,566,1,1,0.84656
463,123,12,-15,213,567,1,1,0.84507
464,123,17,-18,212,570,1,1,0.84063
465,123,22,-20,211,572,1,1,0.8377
466,123,27,-22,210,574,1,1,0.83478
467,123,33,-24,208,576,1,1,0.83189
468,123,35,-26,211,579,1,1,0.82759
469,123,38,-27,214,582,1,1,0.82333
470,123,40,-28,217,584,1,1,0.82051
471,123,43,-29,220,587,1,1,0.81633
472,123,46,-30,223,590,1,1,0.81218
473,123,50,-34,226,596,1,1,0.80402
1,124,114,154,85,176,1,1,1
2,124,117,152,86,180,1,1,1
3,124,121,151,86,184,1,1,1
4,124,126,150,87,186,1,1,1
5,124,131,149,89,189,1,1,1
6,124,136,148,91,192,1,1,1
7,124,141,147,93,195,1,1,1
8,124,146,146,95,198,1,1,1
9,124,151,145,97,201,1,1,1
10,124,156,144,99,204,1,1,1
11,124,164,142,100,208,1,1,1
12,124,172,141,101,211,1,1,1
13,124,181,140,101,215,1,1,1
14,124,189,139,102,218,1,1,1
15,124,197,138,103,221,1,1,1
16,124,206,137,104,225,1,1,1
17,124,209,134,104,228,1,1,1
18,124,212,132,105,230,1,1,1
19,124,215,130,106,233,1,1,1
20,124,209,125,119,240,1,1,1
21,124,211,123,117,247,1,1,1
22,124,213,121,116,255,1,1,1
23,124,222,123,111,265,1,1,1
24,124,223,119,113,273,1,1,1
25,124,225,116,115,281,1,1,1
26,124,227,113,116,289,1,1,1
27,124,229,109,118,298,1,1,1
28,124,231,106,119,306,1,1,1
29,124,233,103,121,314,1,1,1
30,124,237,99,127,324,1,1,1
31,124,241,95,133,334,1,1,1
32,124,245,91,140,344,1,1,1
33,124,249,87,146,355,1,1,1
34,124,253,83,152,365,1,1,1
35,124,257,80,159,374,1,1,1
36,124,261,76,165,384,1,1,1
37,124,265,72,171,395,1,1,1
38,124,269,68,178,405,1,1,1
39,124,273,64,184,415,1,1,1
40,124,277,60,190,425,1,1,0.98826
41,124,282,57,196,435,1,1,0.97248
42,124,282,53,201,441,1,1,0.96833
43,124,283,50,205,447,1,1,0.96205
44,124,283,47,210,453,1,1,0.95595
45,124,284,44,215,459,1,1,0.95
46,124,284,41,220,465,1,1,0.94421
47,124,285,38,224,471,1,1,0.93856
48,124,286,34,228,478,1,1,0.93319
49,124,286,31,234,484,1,1,0.92784
50,124,287,28,238,490,1,1,0.92261
51,124,287,25,243,496,1,1,0.91751
52,124,288,22,247,502,1,1,0.91252
53,124,289,19,252,508,1,1,0.90766
54,124,291,16,256,514,1,1,0.90291
55,124,294,13,259,520,1,1,0.89827
56,124,297,10,262,526,1,1,0.89374
57,124,300,7,265,533,1,1,0.88764
58,124,303,4,268,539,1,1,0.88333
59,124,305,1,272,545,1,1,0.87912
60,124,308,-2,275,552,1,1,0.86799
61,124,311,-5,278,558,1,1,0.85868
62,124,314,-8,281,564,1,1,0.84956
63,124,317,-11,285,571,1,1,0.83916
64,124,315,-14,288,577,1,1,0.83045
65,124,313,-17,292,583,1,1,0.82192
66,124,312,-17,292,583,1,1,0.82192
67,124,312,-17,291,583,1,1,0.82192
68,124,312,-17,290,584,1,1,0.82051
69,124,312,-17,289,584,1,1,0.82051
70,124,312,-17,289,585,1,1,0.81911
71,124,312,-17,288,585,1,1,0.81911
72,124,312,-17,287,585,1,1,0.81911
73,124,312,-17,286,586,1,1,0.81772
74,124,312,-17,286,586,1,1,0.81772
75,124,312,-17,285,587,1,1,0.81633
76,124,312,-17,284,587,1,1,0.81633
77,124,312,-17,283,587,1,1,0.81633
78,124,312,-16,283,587,1,1,0.81633
79,124,312,-16,282,587,1,1,0.81633
80,124,312,-16,281,588,1,1,0.81494
81,124,312,-16,280,588,1,1,0.81494
82,124,312,-16,280,588,1,1,0.81494
83,124,312,-16,279,589,1,1,0.81356
84,124,312,-16,278,589,1,1,0.81356
85,124,312,-16,277,590,1,1,0.81218
86,124,312,-16,277,590,1,1,0.81218
87,124,312,-16,276,590,1,1,0.81218
88,124,312,-16,275,591,1,1,0.81081
89,124,312,-16,274,591,1,1,0.81081
90,124,312,-15,274,591,1,1,0.81081
91,124,312,-15,273,591,1,1,0.81081
92,124,312,-15,272,591,1,1,0.81081
93,124,312,-15,271,592,1,1,0.80944
94,124,312,-15,271,592,1,1,0.80944
95,124,312,-15,270,593,1,1,0.80808
96,124,312,-15,269,593,1,1,0.80808
97,124,312,-15,268,593,1,1,0.80808
98,124,312,-15,268,594,1,1,0.80672
99,124,312,-15,267,594,1,1,0.80672
100,124,312,-15,266,595,1,1,0.80537
101,124,312,-15,265,595,1,1,0.80537
102,124,312,-14,265,595,1,1,0.80537
103,124,311,-15,268,595,1,1,0.80537
104,124,311,-16,270,596,1,1,0.80402
105,124,310,-16,273,595,1,1,0.80537
106,124,310,-17,275,596,1,1,0.80402
107,124,310,-18,277,596,1,1,0.80402
108,124,309,-18,280,596,1,1,0.80402
109,124,309,-19,282,596,1,1,0.80402
110,124,309,-20,284,597,1,1,0.80268
111,124,308,-20,287,596,1,1,0.80402
112,124,308,-21,289,597,1,1,0.80268
113,124,308,-21,292,597,1,1,0.80268
114,124,307,-22,291,597,1,1,0.80268
115,124,307,-23,290,598,1,1,0.80134
116,124,307,-23,289,598,1,1,0.80134
183,124,300,-46,213,597,1,1,0.80268
184,124,301,-44,212,593,1,1,0.80808
185,124,302,-43,211,590,1,1,0.81218
186,124,303,-41,210,586,1,1,0.81772
187,124,305,-40,207,583,1,1,0.82192
188,124,306,-38,206,579,1,1,0.82759
189,124,307,-37,205,576,1,1,0.83189
190,124,308,-35,204,572,1,1,0.8377
191,124,309,-34,203,569,1,1,0.84211
192,124,311,-32,201,565,1,1,0.84806
193,124,309,-34,203,569,1,1,0.84211
194,124,308,-35,204,572,1,1,0.8377
195,124,307,-37,205,576,1,1,0.83189
196,124,306,-38,207,579,1,1,0.82759
197,124,305,-39,208,582,1,1,0.82333
198,124,304,-41,209,586,1,1,0.81772
199,124,302,-42,211,589,1,1,0.81356
200,124,301,-43,213,592,1,1,0.80944
201,124,300,-45,214,596,1,1,0.80402
217,124,291,-15,215,594,1,1,0.80672
218,124,292,-7,212,587,1,1,0.81633
219,124,292,2,210,579,1,1,0.82586
220,124,293,11,207,571,1,1,0.82168
221,124,294,20,204,563,1,1,0.81738
222,124,295,29,201,556,1,1,0.81149
223,124,297,32,195,544,1,1,0.82385
224,124,300,35,189,532,1,1,0.83677
225,124,303,39,183,519,1,1,0.85
226,124,305,42,177,507,1,1,0.86417
227,124,308,46,171,494,1,1,0.87879
228,124,311,49,165,482,1,1,0.89441
229,124,313,52,159,470,1,1,0.91083
230,124,316,56,153,457,1,1,0.92795
231,124,319,59,147,445,1,1,0.94619
232,124,322,63,141,432,1,1,0.96536
233,124,331,64,142,428,1,1,0.97203
234,124,341,66,142,423,1,1,0.97877
235,124,351,68,142,418,1,1,0.98568
236,124,361,69,143,414,1,1,0.99277
237,124,371,71,143,409,1,1,1
238,124,380,73,144,404,1,1,1
239,124,390,74,145,400,1,1,1
240,124,400,76,145,395,1,1,1
241,124,410,78,145,390,1,1,1
242,124,420,80,146,385,1,1,1
243,124,424,80,144,381,1,1,0.9931
244,124,429,81,141,377,1,1,0.84507
421,127,479,26,195,426,1,1,0.82653
422,127,467,29,193,421,1,1,0.89691
423,127,454,33,191,415,1,1,0.97396
424,127,442,36,189,410,1,1,1
425,127,430,40,187,404,1,1,1
426,127,424,42,176,394,1,1,1
427,127,413,41,158,386,1,1,1
428,127,403,41,140,378,1,1,1
443,127,253,60,124,327,1,1,1
444,127,249,59,121,325,1,1,1
445,127,245,58,118,323,1,1,1
446,127,242,57,115,322,1,1,1
447,127,238,57,115,324,1,1,1
448,127,234,58,116,326,1,1,1
449,127,234,58,116,328,1,1,1
450,127,234,58,116,330,1,1,1
451,127,234,58,116,332,1,1,1
452,127,234,59,117,333,1,1,1
453,127,240,59,118,335,1,1,1
454,127,247,59,119,337,1,1,1
455,127,254,59,120,339,1,1,1
456,127,260,59,121,341,1,1,1
457,127,267,59,122,343,1,1,1
458,127,274,59,123,346,1,1,1
459,127,275,57,124,348,1,1,1
460,127,277,56,124,350,1,1,1
461,127,279,54,124,353,1,1,1
462,127,281,53,125,355,1,1,1
463,127,277,54,125,357,1,1,1
464,127,273,55,126,359,1,1,1
465,127,269,56,126,361,1,1,1
466,127,265,57,127,363,1,1,1
467,127,262,58,127,365,1,1,1
468,127,264,52,128,365,1,1,1
469,127,249,41,129,368,1,1,0.96923
470,127,253,39,130,370,1,1,0.96183
471,127,258,37,130,372,1,1,0.9542
472,127,263,35,131,375,1,1,0.94697
473,127,264,35,132,378,1,1,0.90226
474,127,265,35,133,382,1,1,0.85821
475,127,266,35,134,386,1,1,0.81481
521,127,171,19,166,461,1,1,0.83832
522,127,175,15,166,462,1,1,0.91617
523,127,179,11,166,463,1,1,0.99401
524,127,184,8,165,463,1,1,1
525,127,193,10,165,468,1,1,1
526,127,203,13,164,472,1,1,0.98943
527,127,202,15,166,470,1,1,0.98938
528,127,202,17,167,469,1,1,0.98723
529,127,202,19,168,468,1,1,0.98507
530,127,206,19,165,468,1,1,0.98507
531,127,210,19,162,468,1,1,0.98507
532,127,214,20,160,467,1,1,0.98504
533,127,200,18,160,470,1,1,0.98301
534,127,186,17,160,473,1,1,0.9789
535,127,184,13,164,471,1,1,0.99153
536,127,183,9,168,469,1,1,1
537,127,181,5,172,467,1,1,1
538,127,180,1,176,465,1,1,1
539,127,191,-4,171,480,1,1,0.9896
540,127,202,-8,167,494,1,1,0.9697
541,127,212,-4,165,495,1,1,0.96774
542,127,223,1,163,495,1,1,0.96774
543,127,234,6,161,495,1,1,0.95766
544,127,235,0,173,501,1,1,0.95618
545,127,236,-5,186,506,1,1,0.94675
546,127,237,-10,198,511,1,1,0.9375
547,127,239,-15,210,516,1,1,0.92843
548,127,251,-14,198,518,1,1,0.92486
549,127,263,-12,186,520,1,1,0.92131
550,127,262,-15,187,522,1,1,0.91778
551,127,262,-18,188,525,1,1,0.91255
552,127,261,-21,189,527,1,1,0.90909
553,127,261,-23,190,529,1,1,0.90566
554,127,259,-27,191,531,1,1,0.90226
555,127,257,-31,192,533,1,1,0.89888
556,127,255,-34,193,535,1,1,0.89552
557,127,258,-22,196,539,1,1,0.88889
558,127,255,-25,198,543,1,1,0.88235
559,127,252,-27,201,546,1,1,0.87751
560,127,249,-30,204,551,1,1,0.86957
561,127,246,-32,206,554,1,1,0.86486
562,127,243,-34,209,558,1,1,0.85868
563,127,240,-37,212,562,1,1,0.85258
564,127,237,-39,214,565,1,1,0.84806
565,127,234,-42,217,570,1,1,0.84063
566,127,231,-44,220,573,1,1,0.83624
567,127,229,-46,222,577,1,1,0.83045
568,127,226,-49,224,581,1,1,0.82474
569,127,223,-51,227,584,1,1,0.82051
570,127,220,-54,230,589,1,1,0.81356
571,127,217,-56,232,592,1,1,0.80944
572,127,214,-58,235,596,1,1,0.80402
632,128,-9,-24,209,570,1,1,0.8006
633,128,2,-22,209,566,1,1,0.84656
634,128,13,-20,210,562,1,1,0.85258
635,128,24,-18,210,558,1,1,0.85868
636,128,36,-15,210,554,1,1,0.86486
637,128,35,-18,213,550,1,1,0.87114
638,128,34,-20,217,545,1,1,0.87912
639,128,28,-19,222,540,1,1,0.88725
640,128,22,-18,226,535,1,1,0.89552
641,128,17,-17,230,530,1,1,0.90395
642,128,11,-8,233,522,1,1,0.91778
643,128,5,1,236,514,1,1,0.93204
644,128,7,6,235,507,1,1,0.93504
645,128,43,-5,196,505,1,1,0.94862
646,128,49,-5,190,503,1,1,0.95238
647,128,55,-5,184,502,1,1,0.95427
648,128,61,-4,178,500,1,1,0.95808
649,128,62,-4,166,496,1,1,0.96579
650,128,53,-4,171,495,1,1,0.96774
651,128,44,-3,176,493,1,1,0.97166
652,128,36,-2,180,491,1,1,0.97561
653,128,31,-5,184,496,1,1,0.96579
654,128,26,-8,189,501,1,1,0.95618
655,128,22,-10,193,505,1,1,0.94862
656,128,24,-4,194,505,1,1,0.94862
657,128,26,2,196,505,1,1,0.94664
658,128,28,8,198,505,1,1,0.93478
659,128,44,5,188,498,1,1,0.95391
660,128,60,2,179,491,1,1,0.97358
661,128,77,0,169,483,1,1,0.99174
662,128,82,2,163,486,1,1,0.98357
663,128,87,4,158,489,1,1,0.97347
664,128,92,7,153,492,1,1,0.96146
665,128,89,5,157,490,1,1,0.96945
666,128,87,4,160,488,1,1,0.97546
667,128,84,3,164,486,1,1,0.98152
668,128,82,2,168,484,1,1,0.98763
669,128,80,1,176,465,1,1,1
670,128,78,0,180,475,1,1,0.9979
671,128,68,20,195,467,1,1,0.98504
672,128,59,40,209,460,1,1,0.95662
673,128,64,30,207,459,1,1,0.98043
674,128,83,20,175,475,1,1,0.96849
675,128,88,20,164,464,1,1,0.9914
676,128,93,20,153,453,1,1,1
677,128,93,20,152,459,1,1,1
678,128,94,20,151,465,1,1,0.98927
679,128,94,27,151,463,1,1,0.97845
680,128,94,34,151,462,1,1,0.96544
681,128,95,41,150,461,1,1,0.95238
682,128,87,34,155,455,1,1,0.98026
683,128,79,28,161,448,1,1,1
684,128,71,22,167,442,1,1,1
685,128,66,23,175,450,1,1,1
686,128,61,25,183,457,1,1,0.99563
687,128,57,27,190,465,1,1,0.97425
688,128,65,28,181,462,1,1,0.9784
689,128,74,29,171,459,1,1,0.98261
690,128,83,31,161,456,1,1,0.98468
691,128,93,27,153,453,1,1,1
692,128,103,23,145,450,1,1,1
693,128,114,19,136,448,1,1,1
694,128,115,25,135,453,1,1,1
695,128,116,32,135,457,1,1,0.98035
696,128,117,39,135,461,1,1,0.95671
697,128,124,36,136,449,1,1,0.98889
698,128,132,33,136,437,1,1,1
699,128,140,30,136,425,1,1,1
700,128,124,40,155,425,1,1,1
701,128,120,38,162,428,1,1,1
702,128,114,42,169,432,1,1,1
703,128,109,47,176,435,1,1,0.99541
704,128,113,44,169,440,1,1,0.99093
705,128,118,42,162,444,1,1,0.98652
706,128,119,38,154,430,1,1,1
707,128,121,35,146,415,1,1,1
708,128,123,32,141,420,1,1,1
709,128,120,33,144,426,1,1,1
710,128,117,34,148,433,1,1,1
711,128,114,35,152,439,1,1,1
712,128,111,37,156,445,1,1,0.99552
713,128,106,32,156,440,1,1,1
714,128,101,28,156,435,1,1,1
715,128,99,32,160,427,1,1,1
716,128,97,36,164,420,1,1,1
717,128,95,40,169,413,1,1,1
718,128,94,45,176,419,1,1,1
719,128,99,46,169,424,1,1,1
720,128,105,47,162,411,1,1,1
721,128,111,48,156,398,1,1,1
722,128,117,50,150,385,1,1,1
723,128,126,51,141,386,1,1,1
724,128,135,53,132,387,1,1,1
725,128,145,55,123,388,1,1,1
726,128,147,56,118,405,1,1,1
727,128,150,58,117,399,1,1,1
728,128,154,60,115,394,1,1,1
729,128,150,53,116,391,1,1,1
730,128,147,61,115,365,1,1,1
731,128,146,69,116,378,1,1,1
732,128,144,75,126,377,1,1,1
733,128,143,82,136,375,1,1,1
734,128,138,95,141,372,1,1,1
735,128,141,84,131,369,1,1,1
736,128,142,79,125,366,1,1,1
737,128,143,75,119,363,1,1,1
738,128,144,71,114,360,1,1,1
739,128,143,74,113,359,1,1,1
740,128,142,77,112,358,1,1,1
741,128,141,80,111,357,1,1,1
742,128,141,84,109,356,1,1,1
743,128,142,82,108,345,1,1,1
744,128,143,80,107,335,1,1,1
745,128,145,78,105,325,1,1,1
746,128,150,79,105,332,1,1,1
747,128,156,80,105,339,1,1,1
748,128,162,82,105,345,1,1,1
749,128,166,81,104,340,1,1,1
750,128,171,81,103,335,1,1,1
751,128,176,81,102,330,1,1,1
752,128,180,81,101,325,1,1,1
753,128,185,81,100,320,1,1,1
754,128,190,81,99,315,1,1,1
755,128,195,83,98,317,1,1,1
756,128,200,85,97,319,1,1,1
757,128,205,87,96,321,1,1,1
758,128,210,82,96,323,1,1,1
759,128,202,81,105,319,1,1,1
760,128,195,80,113,316,1,1,1
761,128,189,78,124,316,1,1,1
762,128,184,77,134,315,1,1,1
763,128,182,76,134,311,1,1,1
764,128,196,81,124,308,1,1,1
765,128,210,87,115,305,1,1,1
766,128,216,84,111,303,1,1,1
767,128,219,80,102,302,1,1,1
768,128,222,76,94,302,1,1,1
769,128,219,78,96,303,1,1,1
770,128,216,80,99,304,1,1,1
771,128,214,82,101,305,1,1,1
772,128,212,85,104,299,1,1,1
773,128,209,87,107,295,1,1,1
774,128,207,90,110,291,1,1,1
775,128,205,92,112,288,1,1,1
776,128,203,95,115,283,1,1,1
777,128,201,97,117,280,1,1,1
778,128,199,100,120,276,1,1,1
779,128,215,105,116,275,1,1,1
780,128,218,106,112,272,1,1,1
781,128,222,107,108,270,1,1,1
782,128,226,108,104,268,1,1,1
783,128,230,109,99,266,1,1,1
784,128,233,110,96,263,1,1,1
785,128,237,111,92,261,1,1,1
786,128,241,112,87,259,1,1,1
787,128,245,113,83,257,1,1,1
788,128,249,115,79,254,1,1,0.9875
789,128,246,115,76,245,1,1,0.98701
790,128,243,115,77,244,1,1,0.97436
791,128,241,115,77,243,1,1,0.94872
792,128,239,116,77,241,1,1,0.9359
793,128,237,116,77,240,1,1,0.92308
799,128,226,119,65,234,1,1,0.80303
800,128,228,120,68,232,1,1,0.82609
806,128,240,128,89,219,1,1,0.82222
807,128,242,129,92,217,1,1,0.92473
809,128,269,139,76,215,1,1,0.81818
810,128,274,137,75,215,1,1,0.89474
811,128,279,136,75,215,1,1,1
812,128,284,135,75,215,1,1,0.96053
813,128,289,134,75,215,1,1,1
814,128,294,132,75,215,1,1,1
815,128,299,131,75,215,1,1,1
816,128,304,130,75,215,1,1,1
817,128,309,129,75,215,1,1,0.98684
818,128,315,128,74,215,1,1,0.92
819,128,314,129,74,214,1,1,0.93333
820,128,313,130,74,214,1,1,0.93333
821,128,312,131,74,214,1,1,0.94667
822,128,311,132,74,214,1,1,0.94667
823,128,310,133,74,214,1,1,0.96
824,128,310,135,74,213,1,1,0.94667
825,128,309,133,74,212,1,1,0.96
826,128,309,131,73,212,1,1,0.95946
827,128,308,129,73,212,1,1,0.97297
828,128,308,128,73,211,1,1,0.95946
829,128,310,131,73,211,1,1,0.93243
830,128,313,135,72,210,1,1,0.89041
831,128,312,134,71,209,1,1,0.91667
832,128,311,133,71,209,1,1,0.91667
833,128,310,132,71,209,1,1,0.93056
834,128,314,130,72,209,1,1,0.84932
725,135,120,194,20,53,1,1,1
726,135,124,194,20,53,1,1,1
727,135,128,195,20,53,1,1,1
728,135,122,195,20,52,1,1,1
729,135,120,197,20,52,1,1,1
730,135,119,199,20,52,1,1,1
731,135,118,202,20,52,1,1,1
732,135,117,205,21,53,1,1,1
733,135,116,208,21,54,1,1,1
734,135,116,211,21,55,1,1,0.81818
127,139,589,205,17,34,1,1,1
128,139,588,204,17,35,1,1,1
129,139,588,204,17,35,1,1,1
130,139,587,204,18,35,1,1,1
131,139,587,204,17,35,1,1,1
132,139,587,204,17,35,1,1,1
133,139,586,204,18,35,1,1,1
134,139,586,204,17,35,1,1,1
135,139,586,204,17,35,1,1,1
136,139,585,204,18,35,1,1,1
137,139,585,204,17,35,1,1,1
138,139,585,203,17,36,1,1,0.94444
156,139,578,202,18,38,1,1,1
157,139,578,202,18,38,1,1,1
158,139,577,202,18,38,1,1,1
159,139,577,201,18,39,1,1,1
160,139,577,201,18,39,1,1,1
161,139,576,201,18,39,1,1,1
162,139,576,201,18,39,1,1,1
163,139,576,201,18,39,1,1,1
164,139,575,201,18,39,1,1,1
165,139,575,201,18,39,1,1,1
166,139,575,201,18,39,1,1,1
167,139,574,201,18,39,1,1,1
168,139,574,201,18,39,1,1,1
169,139,574,201,18,40,1,1,1
177,139,570,201,18,42,1,1,1
178,139,570,201,18,42,1,1,1
179,139,569,201,19,42,1,1,1
180,139,569,201,18,42,1,1,1
181,139,568,202,19,42,1,1,1
182,139,568,202,18,42,1,1,1
183,139,567,202,19,42,1,1,0.95
184,139,567,202,19,42,1,1,0.95
185,139,567,202,18,43,1,1,0.94737
186,139,566,202,19,43,1,1,0.9
187,139,566,202,18,43,1,1,0.89474
188,139,565,202,19,43,1,1,0.85
189,139,565,202,19,44,1,1,0.85
756,140,175,192,23,48,1,1,0.95833
757,140,178,192,22,47,1,1,1
758,140,181,192,21,47,1,1,0.90909
779,140,188,193,21,47,1,1,0.81818
780,140,192,195,21,47,1,1,0.90909
375,143,419,224,12,36,1,1,1
376,143,416,224,12,36,1,1,1
377,143,414,224,12,36,1,1,1
378,143,412,224,12,36,1,1,1
379,143,410,224,12,36,1,1,0.92516
380,143,407,224,12,36,1,1,1
381,143,405,224,12,36,1,1,1
382,143,403,224,12,36,1,1,1
383,143,401,225,12,36,1,1,1
384,143,389,220,12,36,1,1,0.85031
387,143,374,220,12,36,1,1,0.92516
388,143,370,218,12,36,1,1,0.92723
389,143,364,223,12,36,1,1,1
390,143,354,220,12,36,1,1,1
391,143,344,218,12,36,1,1,0.92723
392,143,338,218,12,36,1,1,1
393,143,332,218,12,36,1,1,1
394,143,326,219,12,36,1,1,1
395,143,320,219,12,36,1,1,1
396,143,314,220,12,36,1,1,1
397,143,310,219,12,36,1,1,0.92308
398,143,306,219,12,36,1,1,0.84615
375,144,431,224,12,35,1,1,0.92308
376,144,428,224,12,35,1,1,0.92308
377,144,426,224,12,35,1,1,0.92308
378,144,424,224,12,35,1,1,0.92308
379,144,422,225,12,35,1,1,0.92308
380,144,420,225,12,35,1,1,1
381,144,418,225,12,35,1,1,1
382,144,416,225,12,35,1,1,1
383,144,414,226,12,35,1,1,1
384,144,400,221,12,35,1,1,0.84615
386,144,393,222,12,35,1,1,1
387,144,386,221,12,35,1,1,0.92308
388,144,382,220,12,35,1,1,1
389,144,378,223,12,35,1,1,1
390,144,367,221,12,35,1,1,1
391,144,356,220,12,35,1,1,1
392,144,351,220,12,35,1,1,1
393,144,346,220,12,35,1,1,1
394,144,341,220,12,35,1,1,1
395,144,336,220,12,35,1,1,1
396,144,331,221,12,35,1,1,1
397,144,327,221,12,34,1,1,1
398,144,323,221,13,34,1,1,1
399,144,319,221,13,34,1,1,1
400,144,316,221,13,34,1,1,1
401,144,312,221,13,34,1,1,1
402,144,308,221,14,34,1,1,1
403,144,305,221,14,34,1,1,1
404,144,302,220,14,34,1,1,1
405,144,299,219,15,34,1,1,0.8125
226,145,539,197,25,60,1,1,1
227,145,540,197,25,60,1,1,1
228,145,542,197,25,61,1,1,1
229,145,543,197,25,62,1,1,1
230,145,547,197,24,63,1,1,1
231,145,553,198,23,63,1,1,1
232,145,557,197,22,64,1,1,1
233,145,562,198,21,64,1,1,1
234,145,567,197,24,66,1,1,1
235,145,573,196,27,68,1,1,1
236,145,578,194,30,70,1,1,1
237,145,584,193,33,72,1,1,1
238,145,587,192,32,73,1,1,1
239,145,591,190,30,74,1,1,1
240,145,595,189,28,74,1,1,1
