1,1,260,450,102,262,1,1,1
2,1,262,449,102,263,1,1,1
3,1,264,449,102,263,1,1,1
4,1,266,448,102,264,1,1,1
5,1,268,448,102,264,1,1,1
6,1,270,448,102,264,1,1,1
7,1,272,448,103,264,1,1,1
8,1,274,448,103,264,1,1,1
9,1,276,448,104,264,1,1,1
10,1,278,447,104,265,1,1,1
11,1,280,447,105,265,1,1,1
12,1,282,446,105,266,1,1,1
13,1,284,446,106,266,1,1,1
14,1,286,446,106,266,1,1,1
15,1,289,446,106,266,1,1,1
16,1,291,446,106,266,1,1,1
17,1,294,446,106,266,1,1,1
18,1,299,447,103,262,1,1,1
19,1,304,449,100,258,1,1,1
20,1,309,451,97,254,1,1,1
21,1,315,453,94,250,1,1,1
22,1,313,452,96,251,1,1,1
23,1,311,451,99,252,1,1,1
24,1,310,450,101,253,1,1,0.89216
58,1,374,435,120,280,1,1,0.91736
59,1,371,435,119,277,1,1,1
60,1,368,435,118,274,1,1,1
61,1,373,435,115,273,1,1,1
62,1,379,435,111,272,1,1,1
63,1,384,435,109,271,1,1,1
64,1,390,435,105,270,1,1,1
65,1,395,435,102,269,1,1,1
66,1,401,436,99,268,1,1,1
67,1,401,434,108,271,1,1,1
68,1,402,432,116,274,1,1,1
69,1,403,431,124,276,1,1,1
70,1,406,433,122,273,1,1,1
71,1,409,435,121,271,1,1,1
72,1,412,437,119,268,1,1,1
73,1,416,440,117,265,1,1,1
74,1,416,438,116,268,1,1,1
75,1,416,436,116,271,1,1,1
76,1,416,434,116,274,1,1,1
77,1,416,432,115,277,1,1,1
78,1,416,430,115,280,1,1,1
79,1,416,428,115,283,1,1,1
80,1,420,428,113,282,1,1,1
81,1,424,428,112,282,1,1,1
82,1,429,428,110,282,1,1,1
83,1,433,428,108,281,1,1,1
84,1,438,428,106,281,1,1,1
85,1,442,428,105,281,1,1,1
86,1,447,429,103,280,1,1,1
87,1,446,428,112,284,1,1,1
88,1,446,428,121,288,1,1,1
89,1,446,428,130,292,1,1,1
90,1,449,427,124,290,1,1,1
91,1,453,427,117,288,1,1,1
92,1,457,427,110,285,1,1,1
93,1,461,427,103,283,1,1,1
94,1,458,425,110,288,1,1,1
95,1,456,424,117,292,1,1,1
96,1,454,423,123,296,1,1,1
97,1,452,422,130,300,1,1,1
98,1,454,420,130,299,1,1,1
99,1,456,419,130,298,1,1,1
100,1,458,417,130,298,1,1,1
101,1,460,416,130,297,1,1,1
102,1,458,415,130,300,1,1,1
103,1,456,415,130,303,1,1,1
104,1,454,414,130,307,1,1,1
105,1,452,414,130,310,1,1,1
106,1,454,415,129,308,1,1,1
107,1,457,416,127,307,1,1,1
108,1,459,417,127,305,1,1,1
109,1,462,418,125,304,1,1,1
110,1,465,419,124,303,1,1,1
111,1,460,414,126,309,1,1,1
112,1,456,410,128,314,1,1,1
113,1,452,406,130,320,1,1,1
114,1,456,407,121,317,1,1,1
115,1,460,408,112,314,1,1,1
116,1,465,410,103,310,1,1,1
117,1,462,408,109,314,1,1,1
118,1,459,406,115,318,1,1,1
119,1,457,404,120,322,1,1,1
120,1,454,402,126,326,1,1,1
121,1,452,400,132,330,1,1,1
122,1,451,403,124,325,1,1,1
123,1,451,406,115,320,1,1,1
124,1,451,409,106,316,1,1,1
125,1,450,406,112,321,1,1,1
126,1,449,403,118,326,1,1,1
127,1,449,401,124,330,1,1,1
128,1,448,398,130,335,1,1,1
129,1,448,396,136,340,1,1,1
130,1,450,395,125,340,1,1,1
131,1,452,394,114,340,1,1,1
132,1,454,394,103,339,1,1,1
133,1,452,394,110,340,1,1,1
134,1,450,394,118,342,1,1,1
135,1,449,394,125,344,1,1,1
136,1,447,394,133,346,1,1,1
137,1,446,394,140,348,1,1,1
138,1,445,394,138,347,1,1,1
139,1,445,395,135,346,1,1,1
140,1,444,396,134,345,1,1,1
141,1,444,397,131,344,1,1,1
142,1,443,398,129,343,1,1,1
143,1,443,399,127,342,1,1,0.97793
144,1,443,397,130,345,1,1,1
145,1,443,396,133,348,1,1,0.99305
146,1,443,394,136,352,1,1,1
147,1,443,393,139,355,1,1,1
148,1,443,391,142,359,1,1,1
149,1,444,390,144,362,1,1,1
150,1,443,387,142,363,1,1,1
151,1,442,384,141,365,1,1,1
152,1,442,382,139,366,1,1,0.82143
153,1,444,382,141,369,1,1,0.8169
154,1,446,383,144,372,1,1,0.8069
155,1,448,384,146,374,1,1,0.80272
332,2,1147,392,139,335,1,1,0.82857
333,2,1144,392,140,336,1,1,0.87943
334,2,1146,391,140,337,1,1,0.901
335,2,1148,390,141,339,1,1,0.91624
336,2,1150,390,142,340,1,1,0.93069
337,2,1147,391,142,341,1,1,0.98614
338,2,1144,392,142,342,1,1,1
339,2,1142,394,141,342,1,1,1
340,2,1141,392,142,343,1,1,1
341,2,1141,390,143,345,1,1,1
342,2,1140,389,144,345,1,1,1
343,2,1140,387,145,347,1,1,1
344,2,1140,386,146,348,1,1,1
345,2,1137,386,147,351,1,1,1
346,2,1134,387,148,354,1,1,1
347,2,1131,387,149,358,1,1,1
348,2,1128,388,150,361,1,1,1
349,2,1126,386,151,363,1,1,1
350,2,1125,384,152,366,1,1,1
351,2,1123,382,153,369,1,1,1
352,2,1122,380,154,372,1,1,1
353,2,1119,379,156,375,1,1,1
354,2,1117,378,157,379,1,1,1
355,2,1114,377,159,382,1,1,1
356,2,1112,376,160,386,1,1,1
357,2,1108,372,160,389,1,1,1
358,2,1104,369,161,391,1,1,1
359,2,1101,366,161,393,1,1,1
360,2,1100,366,161,395,1,1,1
361,2,1099,366,162,398,1,1,1
362,2,1098,366,163,400,1,1,1
363,2,1097,366,163,403,1,1,1
364,2,1096,366,164,405,1,1,1
365,2,1096,366,164,408,1,1,1
366,2,1096,363,162,411,1,1,1
367,2,1097,360,160,414,1,1,1
368,2,1097,357,159,417,1,1,1
369,2,1098,355,157,420,1,1,1
370,2,1094,356,158,422,1,1,1
371,2,1090,357,159,425,1,1,1
372,2,1086,358,160,427,1,1,1
373,2,1082,359,161,430,1,1,1
374,2,1078,360,162,433,1,1,1
375,2,1072,357,163,437,1,1,1
376,2,1066,355,164,440,1,1,1
377,2,1060,353,165,443,1,1,1
378,2,1054,350,166,447,1,1,1
379,2,1048,348,167,450,1,1,1
380,2,1042,346,169,453,1,1,1
381,2,1036,344,172,458,1,1,1
382,2,1030,342,176,463,1,1,1
383,2,1024,340,179,468,1,1,1
384,2,1018,338,183,473,1,1,1
385,2,1013,337,186,477,1,1,1
386,2,1007,337,189,478,1,1,1
387,2,1001,337,192,480,1,1,1
388,2,996,337,195,481,1,1,1
389,2,990,337,198,483,1,1,1
390,2,985,338,201,484,1,1,1
391,2,975,335,204,489,1,1,1
392,2,966,332,206,494,1,1,1
393,2,957,330,208,499,1,1,1
394,2,948,327,210,504,1,1,1
395,2,939,324,212,509,1,1,1
396,2,930,322,214,514,1,1,1
397,2,923,321,216,517,1,1,1
398,2,916,320,218,520,1,1,1
399,2,909,319,220,523,1,1,1
400,2,902,318,222,526,1,1,1
401,2,893,317,224,529,1,1,1
402,2,885,316,226,533,1,1,1
403,2,876,315,228,536,1,1,1
404,2,868,314,230,540,1,1,1
405,2,858,312,231,546,1,1,1
406,2,848,310,233,552,1,1,1
407,2,838,308,234,558,1,1,1
408,2,828,306,236,564,1,1,1
409,2,821,304,234,569,1,1,1
410,2,815,302,232,575,1,1,1
411,2,809,300,230,581,1,1,1
412,2,796,298,234,586,1,1,1
413,2,784,296,237,592,1,1,1
414,2,772,295,241,597,1,1,1
415,2,760,293,244,603,1,1,1
416,2,748,292,248,608,1,1,1
417,2,741,287,248,611,1,1,1
418,2,734,282,248,614,1,1,1
419,2,727,277,248,618,1,1,1
420,2,714,276,252,625,1,1,1
421,2,701,276,256,631,1,1,1
422,2,688,276,261,637,1,1,1
423,2,675,275,265,645,1,1,1
424,2,662,275,270,651,1,1,1
425,2,649,275,274,657,1,1,1
426,2,637,275,278,664,1,1,1
427,2,623,270,278,668,1,1,1
428,2,610,266,277,672,1,1,1
429,2,597,261,277,676,1,1,1
430,2,584,257,276,680,1,1,1
431,2,571,253,276,684,1,1,1
432,2,556,250,278,694,1,1,1
433,2,542,247,279,704,1,1,1
434,2,528,244,280,715,1,1,1
435,2,514,241,281,725,1,1,1
436,2,500,238,282,736,1,1,1
437,2,485,235,284,743,1,1,1
438,2,471,232,285,750,1,1,1
439,2,456,229,287,757,1,1,1
440,2,442,226,288,764,1,1,1
441,2,426,222,291,771,1,1,1
442,2,411,218,293,778,1,1,1
443,2,396,214,295,786,1,1,1
444,2,381,210,297,793,1,1,1
445,2,366,207,300,800,1,1,1
446,2,326,204,327,810,1,1,1
447,2,286,202,355,820,1,1,1
448,2,246,200,382,830,1,1,1
449,2,207,198,409,840,1,1,1
450,2,204,193,388,843,1,1,1
451,2,202,188,367,846,1,1,1
452,2,200,184,346,848,1,1,1
453,2,185,183,351,862,1,1,1
454,2,170,182,356,876,1,1,1
455,2,156,181,361,890,1,1,1
456,2,118,175,371,907,1,1,0.9978
457,2,80,169,381,924,1,1,0.98595
458,2,42,163,391,942,1,1,0.97349
459,2,4,157,401,959,1,1,0.9625
460,2,-34,151,412,977,1,1,0.87033
461,2,-58,149,419,984,1,1,0.81328
391,3,1169,455,62,194,1,1,0.8254
392,3,1172,454,62,194,1,1,0.98413
393,3,1176,454,62,194,1,1,1
394,3,1180,454,62,194,1,1,1
395,3,1184,454,62,194,1,1,1
396,3,1188,454,62,194,1,1,1
397,3,1192,454,62,194,1,1,1
398,3,1196,454,62,194,1,1,1
399,3,1200,454,62,194,1,1,1
400,3,1204,454,62,194,1,1,1
401,3,1208,454,62,194,1,1,1
402,3,1212,454,62,194,1,1,1
403,3,1216,454,62,194,1,1,1
404,3,1220,454,62,194,1,1,1
405,3,1224,454,62,194,1,1,1
406,3,1228,454,62,194,1,1,1
407,3,1232,454,62,194,1,1,1
408,3,1236,454,62,194,1,1,1
409,3,1240,454,62,194,1,1,1
410,3,1243,454,62,194,1,1,1
411,3,1247,454,62,194,1,1,1
412,3,1250,454,62,194,1,1,1
413,3,1254,454,62,194,1,1,1
414,3,1258,454,62,194,1,1,1
415,3,1262,454,62,194,1,1,1
416,3,1266,454,62,194,1,1,1
417,3,1270,454,62,194,1,1,1
418,3,1274,454,62,194,1,1,1
419,3,1278,454,62,194,1,1,1
420,3,1282,454,62,194,1,1,1
421,3,1286,454,62,194,1,1,1
422,3,1290,453,62,194,1,1,1
423,3,1294,453,62,194,1,1,1
424,3,1298,452,62,194,1,1,1
425,3,1302,452,62,194,1,1,1
426,3,1306,452,62,194,1,1,1
427,3,1310,452,62,194,1,1,1
428,3,1314,452,62,194,1,1,1
429,3,1318,452,62,194,1,1,1
430,3,1322,452,62,194,1,1,1
431,3,1326,452,62,194,1,1,1
432,3,1330,452,62,194,1,1,1
433,3,1334,452,62,194,1,1,1
434,3,1337,452,62,194,1,1,1
435,3,1341,452,62,194,1,1,1
436,3,1344,452,62,194,1,1,1
437,3,1348,452,62,194,1,1,1
438,3,1352,452,62,194,1,1,1
439,3,1356,452,62,194,1,1,1
440,3,1360,452,62,194,1,1,1
441,3,1364,452,62,194,1,1,1
442,3,1368,452,62,194,1,1,1
443,3,1372,452,62,194,1,1,1
444,3,1376,452,62,194,1,1,1
445,3,1380,452,62,194,1,1,1
446,3,1384,452,62,194,1,1,1
447,3,1388,452,62,194,1,1,1
448,3,1392,452,62,194,1,1,1
449,3,1396,452,62,194,1,1,1
450,3,1400,452,62,194,1,1,1
451,3,1404,452,62,194,1,1,1
452,3,1408,452,62,194,1,1,1
453,3,1412,452,62,194,1,1,1
454,3,1415,451,63,194,1,1,1
455,3,1419,451,63,194,1,1,1
456,3,1422,450,64,194,1,1,1
457,3,1426,450,64,194,1,1,1
458,3,1430,450,64,194,1,1,1
459,3,1434,450,64,194,1,1,1
460,3,1438,450,64,194,1,1,1
461,3,1442,450,64,194,1,1,1
462,3,1446,450,65,194,1,1,1
463,3,1451,450,65,194,1,1,1
464,3,1455,451,66,194,1,1,1
465,3,1460,451,66,194,1,1,1
466,3,1465,452,66,194,1,1,1
467,3,1468,451,66,194,1,1,1
468,3,1471,450,67,194,1,1,1
469,3,1474,450,68,194,1,1,1
470,3,1478,451,77,193,1,1,1
471,3,1482,452,86,193,1,1,1
472,3,1486,453,95,193,1,1,1
473,3,1490,455,105,192,1,1,1
474,3,1493,454,105,192,1,1,0.90566
499,3,1594,448,76,193,1,1,0.92208
500,3,1601,449,75,192,1,1,1
501,3,1608,449,74,193,1,1,1
502,3,1615,450,73,193,1,1,1
503,3,1612,448,73,194,1,1,1
504,3,1610,447,72,194,1,1,0.9863
505,3,1608,446,72,194,1,1,0.90411
506,3,1613,447,72,194,1,1,0.91781
507,3,1619,448,71,194,1,1,0.94444
508,3,1625,450,70,193,1,1,0.97183
509,3,1626,449,70,193,1,1,0.92958
510,3,1628,448,69,193,1,1,0.91429
511,3,1630,447,69,193,1,1,0.88571
512,3,1632,446,68,193,1,1,0.86957
513,3,1634,446,68,192,1,1,0.84058
514,3,1637,445,67,193,1,1,0.82353
515,3,1640,445,67,193,1,1,0.80882
444,4,-44,279,301,671,1,1,0.85099
445,4,-21,282,300,670,1,1,0.92691
446,4,-18,280,298,667,1,1,0.93645
447,4,-15,279,297,663,1,1,0.94631
448,4,-12,277,295,660,1,1,0.8277
466,4,216,294,264,611,1,1,0.89057
467,4,229,293,252,609,1,1,1
468,4,254,293,234,604,1,1,1
469,4,279,293,216,599,1,1,1
470,4,305,293,197,594,1,1,1
471,4,314,294,209,591,1,1,1
472,4,323,296,221,587,1,1,1
473,4,333,298,232,583,1,1,1
474,4,342,300,244,580,1,1,1
475,4,352,302,255,576,1,1,1
476,4,361,304,267,572,1,1,1
477,4,371,306,278,569,1,1,1
478,4,378,307,271,566,1,1,1
479,4,386,308,263,564,1,1,1
480,4,394,310,255,561,1,1,1
481,4,401,311,248,558,1,1,1
482,4,409,312,240,556,1,1,1
483,4,417,314,233,553,1,1,1
484,4,429,314,225,549,1,1,1
485,4,442,314,217,546,1,1,1
486,4,455,314,209,543,1,1,1
487,4,467,314,201,539,1,1,1
488,4,480,314,193,536,1,1,1
489,4,493,314,185,533,1,1,1
490,4,506,315,177,529,1,1,1
491,4,514,317,178,527,1,1,1
492,4,522,319,179,525,1,1,1
493,4,530,321,181,523,1,1,1
494,4,538,323,182,521,1,1,1
495,4,546,325,183,519,1,1,1
496,4,554,327,185,517,1,1,1
497,4,561,327,183,513,1,1,1
498,4,568,327,181,509,1,1,1
499,4,575,327,180,506,1,1,1
500,4,582,327,178,502,1,1,1
501,4,589,327,177,499,1,1,1
502,4,596,327,175,495,1,1,1
503,4,603,327,174,492,1,1,1
504,4,609,327,175,492,1,1,1
505,4,616,327,176,493,1,1,1
506,4,622,327,177,494,1,1,1
507,4,629,327,178,495,1,1,0.86592
489,5,-50,224,332,776,1,1,0.84685
490,5,-24,222,317,769,1,1,0.92138
491,5,-1,224,328,764,1,1,0.99392
492,5,22,227,340,758,1,1,1
493,5,46,230,351,752,1,1,1
494,5,69,232,362,747,1,1,1
495,5,93,235,373,741,1,1,1
496,5,116,238,385,735,1,1,1
497,5,140,241,396,729,1,1,1
498,5,151,243,393,724,1,1,1
499,5,163,246,390,718,1,1,1
500,5,175,249,387,713,1,1,1
501,5,220,247,347,707,1,1,1
502,5,266,245,307,702,1,1,1
503,5,311,243,267,697,1,1,1
504,5,357,241,227,692,1,1,1
505,5,403,240,187,686,1,1,1
506,5,409,245,212,680,1,1,1
507,5,416,251,236,674,1,1,1
508,5,423,256,260,668,1,1,1
509,5,429,262,285,662,1,1,1
510,5,436,267,309,656,1,1,1
511,5,443,273,334,650,1,1,1
512,5,463,272,307,646,1,1,1
513,5,483,272,280,642,1,1,1
514,5,504,272,252,638,1,1,1
515,5,542,269,235,632,1,1,1
516,5,580,267,219,626,1,1,1
517,5,618,264,202,621,1,1,1
518,5,656,262,186,615,1,1,1
519,5,656,269,203,610,1,1,1
520,5,656,277,220,604,1,1,1
521,5,656,284,237,599,1,1,1
522,5,656,292,254,594,1,1,1
523,5,667,295,261,588,1,1,1
524,5,678,298,269,582,1,1,1
525,5,689,301,277,576,1,1,1
367,6,-38,239,229,760,1,1,0.83043
368,6,6,241,190,752,1,1,1
369,6,15,245,240,745,1,1,1
370,6,24,250,291,737,1,1,1
371,6,33,255,341,729,1,1,1
372,6,43,260,391,721,1,1,1
373,6,49,263,400,713,1,1,1
374,6,55,267,409,705,1,1,1
375,6,62,271,418,697,1,1,1
376,6,101,272,381,688,1,1,1
377,6,141,273,344,679,1,1,1
378,6,181,275,307,669,1,1,1
379,6,220,276,270,660,1,1,1
380,6,260,277,233,651,1,1,1
381,6,300,279,196,641,1,1,1
382,6,318,279,206,641,1,1,1
383,6,336,279,216,641,1,1,1
384,6,354,279,226,641,1,1,1
385,6,372,280,236,640,1,1,1
386,6,376,285,253,631,1,1,1
387,6,381,291,269,621,1,1,1
388,6,386,296,285,612,1,1,1
389,6,391,302,301,602,1,1,1
390,6,419,302,277,596,1,1,1
391,6,448,302,253,590,1,1,1
392,6,477,302,229,584,1,1,1
393,6,506,302,205,578,1,1,1
394,6,535,302,181,572,1,1,1
395,6,564,303,157,565,1,1,1
396,6,571,306,182,558,1,1,1
397,6,579,309,206,551,1,1,1
398,6,587,312,230,544,1,1,1
399,6,595,316,255,537,1,1,1
400,6,605,319,249,532,1,1,1
401,6,615,322,243,527,1,1,1
402,6,626,325,236,523,1,1,1
403,6,636,328,230,518,1,1,1
404,6,647,332,223,513,1,1,0.98661
405,6,670,328,203,511,1,1,0.92157
406,6,694,325,182,509,1,1,0.84153
423,6,918,346,146,445,1,1,0.84354
424,6,922,349,155,441,1,1,0.92949
425,6,926,353,164,437,1,1,1
426,6,930,356,173,433,1,1,1
427,6,935,360,181,429,1,1,1
428,6,945,361,174,423,1,1,1
429,6,955,363,168,416,1,1,1
430,6,965,365,162,409,1,1,1
431,6,980,362,156,410,1,1,1
432,6,996,360,150,411,1,1,1
433,6,1012,358,144,412,1,1,1
434,6,1023,359,140,408,1,1,1
435,6,1034,360,137,404,1,1,1
436,6,1045,361,134,401,1,1,1
437,6,1048,363,139,398,1,1,1
438,6,1051,366,144,395,1,1,1
439,6,1054,368,149,392,1,1,1
440,6,1057,371,154,389,1,1,1
441,6,1061,374,158,386,1,1,1
442,6,1074,372,151,385,1,1,1
443,6,1087,371,145,384,1,1,1
444,6,1100,370,138,383,1,1,1
445,6,1113,369,132,382,1,1,1
446,6,1126,368,125,381,1,1,1
447,6,1140,367,118,380,1,1,1
448,6,1144,370,127,376,1,1,1
449,6,1149,373,135,372,1,1,1
450,6,1153,376,144,368,1,1,1
451,6,1158,379,152,364,1,1,1
452,6,1162,382,161,360,1,1,1
453,6,1167,385,170,357,1,1,1
454,6,1179,382,160,359,1,1,1
455,6,1192,380,149,361,1,1,1
456,6,1205,378,138,362,1,1,1
457,6,1218,376,128,364,1,1,1
458,6,1226,376,127,362,1,1,1
459,6,1234,377,127,360,1,1,1
460,6,1242,377,127,358,1,1,1
461,6,1251,378,126,356,1,1,1
462,6,1258,378,126,354,1,1,1
463,6,1266,379,126,352,1,1,1
464,6,1273,380,126,349,1,1,1
465,6,1281,381,126,347,1,1,1
466,6,1289,382,126,345,1,1,1
467,6,1295,382,125,343,1,1,1
468,6,1301,383,124,340,1,1,1
469,6,1308,383,123,338,1,1,1
470,6,1314,384,122,335,1,1,1
471,6,1321,385,121,332,1,1,1
472,6,1328,384,124,332,1,1,1
473,6,1336,384,126,331,1,1,1
474,6,1343,384,130,330,1,1,1
475,6,1351,384,132,329,1,1,1
476,6,1359,384,135,329,1,1,1
477,6,1364,385,133,327,1,1,1
478,6,1369,386,131,325,1,1,1
479,6,1374,388,130,323,1,1,1
480,6,1379,389,128,321,1,1,1
481,6,1384,390,126,319,1,1,1
482,6,1390,392,124,317,1,1,1
483,6,1396,392,120,318,1,1,1
484,6,1402,393,116,319,1,1,1
485,6,1408,394,112,320,1,1,1
486,6,1414,394,111,317,1,1,1
487,6,1421,395,110,314,1,1,1
488,6,1427,395,109,312,1,1,1
489,6,1434,396,108,309,1,1,1
490,6,1440,396,108,309,1,1,1
491,6,1446,397,108,309,1,1,1
492,6,1452,397,108,310,1,1,1
493,6,1458,398,108,310,1,1,1
494,6,1463,398,107,309,1,1,1
495,6,1468,399,106,307,1,1,1
496,6,1473,399,105,306,1,1,1
497,6,1478,400,104,304,1,1,1
498,6,1482,400,104,303,1,1,1
499,6,1487,400,103,302,1,1,1
500,6,1491,400,103,301,1,1,1
501,6,1496,400,102,300,1,1,1
502,6,1500,400,102,299,1,1,1
503,6,1505,400,101,298,1,1,1
504,6,1509,400,101,297,1,1,1
505,6,1514,400,100,296,1,1,1
506,6,1518,400,100,295,1,1,1
507,6,1522,400,100,294,1,1,1
508,6,1526,400,100,293,1,1,1
509,6,1530,400,100,292,1,1,1
510,6,1534,400,99,291,1,1,1
511,6,1539,400,98,290,1,1,1
512,6,1543,400,97,289,1,1,1
513,6,1548,400,96,288,1,1,1
514,6,1552,400,96,287,1,1,1
515,6,1557,400,95,286,1,1,1
516,6,1561,400,95,285,1,1,1
517,6,1566,400,94,284,1,1,1
518,6,1570,400,94,283,1,1,1
519,6,1575,400,93,282,1,1,1
520,6,1579,400,93,281,1,1,1
521,6,1584,400,92,280,1,1,1
522,6,1588,400,92,279,1,1,1
523,6,1593,401,91,278,1,1,1
524,6,1597,401,91,277,1,1,1
525,6,1602,402,90,276,1,1,1
69,7,238,476,92,236,1,1,0.80645
70,7,244,477,92,237,1,1,0.87097
71,7,245,475,92,238,1,1,0.88172
72,7,246,474,93,239,1,1,0.89362
73,7,248,472,93,241,1,1,0.91489
74,7,249,471,93,241,1,1,0.92553
75,7,250,469,94,243,1,1,0.93684
76,7,252,468,94,244,1,1,0.95789
77,7,253,467,94,245,1,1,0.96842
78,7,254,466,95,247,1,1,0.97917
79,7,255,465,95,248,1,1,0.98958
80,7,256,464,96,250,1,1,1
81,7,263,466,102,247,1,1,1
82,7,271,468,107,244,1,1,1
83,7,279,470,112,241,1,1,1
84,7,283,468,110,242,1,1,1
85,7,287,467,108,243,1,1,1
86,7,291,466,106,244,1,1,1
87,7,296,464,104,245,1,1,1
88,7,300,463,102,246,1,1,1
89,7,304,462,100,247,1,1,1
90,7,309,461,98,248,1,1,1
91,7,310,460,99,250,1,1,1
92,7,312,459,99,252,1,1,1
93,7,313,459,100,254,1,1,1
94,7,315,458,100,256,1,1,1
95,7,316,457,101,258,1,1,1
96,7,318,457,101,260,1,1,1
97,7,318,455,101,262,1,1,1
98,7,319,454,101,263,1,1,1
99,7,320,452,101,266,1,1,1
100,7,321,451,101,267,1,1,1
101,7,322,450,101,269,1,1,1
102,7,324,450,100,269,1,1,1
103,7,327,450,98,269,1,1,1
104,7,330,450,97,270,1,1,1
105,7,332,450,96,270,1,1,1
106,7,335,450,95,270,1,1,1
107,7,338,451,94,269,1,1,1
108,7,340,451,94,269,1,1,1
109,7,343,451,93,269,1,1,1
110,7,346,452,92,269,1,1,1
111,7,346,450,92,271,1,1,1
112,7,346,448,93,274,1,1,1
113,7,347,446,92,277,1,1,1
114,7,347,444,93,280,1,1,1
115,7,347,442,93,283,1,1,1
116,7,348,441,93,285,1,1,1
117,7,346,441,94,286,1,1,1
118,7,345,441,94,287,1,1,1
119,7,344,441,95,289,1,1,1
120,7,342,441,96,290,1,1,1
121,7,341,441,96,291,1,1,1
122,7,340,442,97,292,1,1,1
123,7,338,440,99,294,1,1,1
124,7,336,438,102,296,1,1,1
125,7,334,436,105,298,1,1,1
126,7,332,435,108,300,1,1,1
127,7,330,433,111,302,1,1,1
128,7,328,431,114,304,1,1,1
129,7,326,430,117,306,1,1,1
130,7,321,430,117,304,1,1,1
131,7,316,430,118,303,1,1,1
132,7,312,430,118,302,1,1,1
133,7,317,429,118,306,1,1,1
134,7,322,429,119,310,1,1,1
135,7,327,429,120,314,1,1,1
136,7,325,426,120,317,1,1,1
137,7,324,424,120,319,1,1,1
138,7,322,421,121,322,1,1,1
139,7,321,419,120,324,1,1,1
140,7,319,416,121,327,1,1,1
141,7,318,414,121,330,1,1,1
142,7,320,416,122,326,1,1,1
143,7,322,419,123,322,1,1,0.97581
144,7,324,422,124,318,1,1,0.952
145,7,319,420,124,326,1,1,1
146,7,314,418,124,334,1,1,1
147,7,310,417,124,342,1,1,1
148,7,308,415,125,344,1,1,1
192,7,475,394,130,412,1,1,0.89313
193,7,486,393,128,416,1,1,1
194,7,492,393,134,416,1,1,0.99259
142,8,-50,272,268,673,1,1,0.81041
143,8,-36,272,258,674,1,1,0.85714
144,8,-21,273,248,674,1,1,0.91165
145,8,2,276,236,664,1,1,1
146,8,25,280,224,654,1,1,1
147,8,48,284,212,644,1,1,1
148,8,57,284,244,641,1,1,1
149,8,67,285,275,638,1,1,1
150,8,76,285,307,636,1,1,1
151,8,86,286,338,633,1,1,1
152,8,96,287,370,630,1,1,1
153,8,112,287,357,626,1,1,1
154,8,129,287,344,622,1,1,1
155,8,145,287,331,618,1,1,1
156,8,162,288,318,614,1,1,1
157,8,197,288,286,611,1,1,1
158,8,233,288,254,609,1,1,1
159,8,268,288,222,607,1,1,1
160,8,304,289,190,604,1,1,1
161,8,317,288,195,601,1,1,1
162,8,330,288,200,597,1,1,1
164,8,354,295,234,591,1,1,1
165,8,364,302,265,588,1,1,1
166,8,374,309,296,586,1,1,1
167,8,396,309,279,580,1,1,0.93214
168,8,419,310,261,574,1,1,0.82824
201,8,935,329,207,473,1,1,0.83654
202,8,944,332,228,468,1,1,0.9607
203,8,951,332,220,466,1,1,1
204,8,959,332,211,464,1,1,1
205,8,967,333,203,461,1,1,1
206,8,975,333,194,459,1,1,1
207,8,983,334,186,456,1,1,1
208,8,1005,333,182,455,1,1,1
209,8,1027,333,179,453,1,1,1
210,8,1049,333,175,451,1,1,1
211,8,1071,333,172,450,1,1,1
212,8,1079,335,181,447,1,1,1
213,8,1087,337,190,445,1,1,1
214,8,1095,340,200,442,1,1,1
215,8,1102,342,196,440,1,1,1
216,8,1110,344,191,439,1,1,1
217,8,1118,346,186,438,1,1,1
218,8,1126,349,182,436,1,1,1
219,8,1133,348,177,434,1,1,1
220,8,1141,347,172,433,1,1,1
221,8,1149,347,167,431,1,1,1
222,8,1156,346,162,429,1,1,1
223,8,1164,345,157,428,1,1,1
224,8,1172,345,152,426,1,1,1
225,8,1175,345,151,423,1,1,1
226,8,1178,345,150,421,1,1,1
227,8,1182,346,148,418,1,1,1
228,8,1189,347,147,416,1,1,1
229,8,1197,348,145,414,1,1,1
230,8,1205,349,143,413,1,1,1
231,8,1213,350,141,411,1,1,1
232,8,1221,351,140,410,1,1,1
233,8,1232,351,139,408,1,1,1
234,8,1244,351,137,406,1,1,1
235,8,1256,352,136,404,1,1,1
236,8,1260,352,144,403,1,1,1
237,8,1264,352,152,402,1,1,1
238,8,1269,353,160,400,1,1,1
239,8,1273,353,161,398,1,1,1
240,8,1278,354,161,396,1,1,1
241,8,1283,354,161,394,1,1,1
242,8,1288,355,161,392,1,1,1
243,8,1293,355,161,390,1,1,1
244,8,1298,356,162,388,1,1,1
245,8,1302,356,152,388,1,1,1
246,8,1307,357,141,387,1,1,1
247,8,1312,358,130,386,1,1,1
248,8,1316,358,130,385,1,1,1
249,8,1321,359,129,383,1,1,1
250,8,1325,359,129,382,1,1,1
251,8,1330,360,128,380,1,1,1
252,8,1335,360,127,379,1,1,1
253,8,1340,361,127,378,1,1,1
254,8,1345,361,126,377,1,1,1
255,8,1350,362,126,376,1,1,1
256,8,1354,362,126,375,1,1,1
257,8,1359,363,125,373,1,1,1
258,8,1363,363,125,372,1,1,1
259,8,1368,364,124,370,1,1,1
260,8,1373,364,123,369,1,1,1
261,8,1378,365,122,367,1,1,1
262,8,1383,365,121,366,1,1,1
263,8,1388,366,120,364,1,1,1
264,8,1394,368,124,360,1,1,1
265,8,1400,370,128,357,1,1,1
266,8,1406,372,132,353,1,1,1
267,8,1413,374,136,350,1,1,1
268,8,1415,373,132,351,1,1,1
269,8,1418,372,127,352,1,1,1
270,8,1421,371,122,353,1,1,1
271,8,1424,370,118,354,1,1,1
272,8,1430,373,114,348,1,1,1
273,8,1436,376,110,342,1,1,1
274,8,1442,379,106,336,1,1,1
275,8,1449,382,102,330,1,1,1
276,8,1452,380,105,333,1,1,1
277,8,1455,378,108,336,1,1,1
278,8,1458,376,111,339,1,1,1
279,8,1462,374,114,342,1,1,1
280,8,1465,378,113,334,1,1,1
281,8,1468,383,112,326,1,1,1
282,8,1471,387,111,318,1,1,0.98214
283,8,1475,392,110,310,1,1,0.8905
284,8,1481,388,110,315,1,1,0.86566
285,8,1487,385,110,320,1,1,1
286,8,1493,381,110,325,1,1,1
287,8,1500,378,110,330,1,1,1
288,8,1504,379,109,325,1,1,1
476,9,1159,463,87,184,1,1,0.85227
477,9,1164,462,87,185,1,1,0.90909
478,9,1169,461,88,185,1,1,0.96629
479,9,1174,460,88,186,1,1,1
480,9,1180,460,88,186,1,1,1
481,9,1186,459,84,187,1,1,1
482,9,1192,458,81,188,1,1,1
483,9,1198,457,78,189,1,1,1
484,9,1204,457,75,190,1,1,1
485,9,1208,457,78,190,1,1,1
486,9,1212,458,81,189,1,1,1
487,9,1216,459,84,188,1,1,1
488,9,1220,460,88,188,1,1,1
489,9,1225,460,88,188,1,1,1
490,9,1230,460,88,189,1,1,1
491,9,1235,460,88,189,1,1,1
492,9,1240,460,88,190,1,1,1
493,9,1249,458,83,190,1,1,1
494,9,1258,456,79,190,1,1,1
495,9,1267,454,75,190,1,1,1
496,9,1270,453,78,191,1,1,1
497,9,1274,453,80,191,1,1,1
498,9,1278,453,83,191,1,1,1
499,9,1281,453,86,191,1,1,1
500,9,1285,453,88,191,1,1,1
501,9,1289,453,91,192,1,1,1
502,9,1292,455,91,192,1,1,1
503,9,1295,457,91,192,1,1,1
504,9,1298,460,92,192,1,1,0.96774
505,9,1306,458,88,193,1,1,0.85393
524,9,1429,456,93,198,1,1,0.88298
525,9,1437,455,93,199,1,1,1
210,10,913,403,155,375,1,1,0.87179
211,10,927,402,141,374,1,1,1
212,10,942,401,127,373,1,1,1
213,10,940,404,137,373,1,1,1
214,10,938,407,147,373,1,1,1
215,10,936,410,158,374,1,1,1
216,10,953,411,152,369,1,1,1
217,10,970,412,147,365,1,1,1
218,10,987,413,142,361,1,1,0.97203
219,10,999,412,137,358,1,1,0.97101
220,10,1011,412,133,355,1,1,0.97015
221,10,1023,412,129,351,1,1,0.96923
222,10,1035,412,125,348,1,1,0.96032
223,10,1048,412,120,345,1,1,0.95868
224,10,1053,413,124,343,1,1,0.952
225,10,1059,415,128,341,1,1,0.89922
226,10,1065,416,132,339,1,1,0.84962
227,10,1070,418,137,337,1,1,0.81159
230,10,1092,420,139,331,1,1,0.80714
231,10,1102,419,133,330,1,1,0.82836
232,10,1112,418,128,329,1,1,0.84496
233,10,1122,417,122,327,1,1,0.89431
234,10,1132,416,116,326,1,1,0.95726
235,10,1142,415,111,325,1,1,1
236,10,1148,416,111,324,1,1,1
237,10,1154,417,111,323,1,1,0.98214
238,10,1160,418,112,322,1,1,0.9646
239,10,1166,419,112,321,1,1,0.9469
240,10,1172,420,112,320,1,1,0.93805
241,10,1179,422,112,319,1,1,0.92035
242,10,1185,421,110,317,1,1,0.92793
243,10,1191,420,108,316,1,1,0.93578
244,10,1197,420,106,314,1,1,0.94393
245,10,1203,419,104,312,1,1,0.94286
246,10,1209,418,102,311,1,1,0.95146
247,10,1216,418,100,309,1,1,0.9505
248,10,1223,420,104,307,1,1,0.88571
391,10,1806,452,62,188,1,1,1
392,10,1808,452,61,187,1,1,1
393,10,1810,452,61,187,1,1,1
394,10,1812,452,60,186,1,1,1
395,10,1814,452,60,186,1,1,1
396,10,1816,452,60,185,1,1,1
397,10,1818,452,60,185,1,1,1
398,10,1820,452,60,184,1,1,0.96721
399,10,1822,452,60,184,1,1,0.93443
400,10,1824,452,60,184,1,1,0.90164
401,10,1826,452,60,184,1,1,0.86885
402,10,1828,452,60,184,1,1,0.83607
403,10,1830,452,60,184,1,1,0.80328
228,11,614,291,184,560,1,1,0.83784
229,11,631,291,171,557,1,1,0.89535
230,11,648,291,159,554,1,1,0.95625
231,11,656,294,173,548,1,1,0.86207
308,11,1290,359,110,380,1,1,0.84018
309,11,1292,360,110,378,1,1,0.89356
310,11,1294,362,111,376,1,1,0.88606
311,11,1296,363,111,375,1,1,0.88702
312,11,1298,365,112,372,1,1,0.85297
313,11,1300,366,112,371,1,1,0.82753
314,11,1302,368,113,369,1,1,0.80273
368,11,1404,388,118,312,1,1,1
448,11,1712,418,92,232,1,1,0.86022
485,11,1794,424,83,211,1,1,1
486,11,1796,424,82,211,1,1,1
487,11,1798,424,81,210,1,1,1
488,11,1800,424,80,210,1,1,1
489,11,1801,424,80,210,1,1,1
490,11,1803,424,80,210,1,1,1
491,11,1804,424,80,210,1,1,1
492,11,1806,424,80,210,1,1,1
493,11,1810,424,80,209,1,1,1
494,11,1814,424,80,209,1,1,1
495,11,1818,424,80,209,1,1,1
496,11,1822,424,80,209,1,1,1
497,11,1820,423,80,209,1,1,1
498,11,1819,423,80,209,1,1,1
499,11,1817,422,80,210,1,1,1
500,11,1816,422,80,210,1,1,1
501,11,1819,422,77,209,1,1,1
502,11,1822,423,75,207,1,1,1
503,11,1825,424,72,205,1,1,1
504,11,1829,425,69,204,1,1,1
505,11,1828,425,72,205,1,1,1
506,11,1827,426,76,205,1,1,1
507,11,1826,427,79,205,1,1,1
508,11,1826,428,82,205,1,1,1
509,11,1828,426,81,205,1,1,1
510,11,1830,425,80,205,1,1,1
511,11,1832,423,79,206,1,1,1
512,11,1834,422,78,206,1,1,0.82278
220,12,149,280,366,723,1,1,0.90463
221,12,161,281,367,717,1,1,1
222,12,173,283,368,711,1,1,1
223,12,185,285,369,705,1,1,1
224,12,197,287,370,699,1,1,1
225,12,210,289,370,693,1,1,1
226,12,254,287,335,688,1,1,1
227,12,298,285,301,684,1,1,1
228,12,342,283,267,679,1,1,1
229,12,387,282,232,674,1,1,1
230,12,402,286,240,668,1,1,1
231,12,417,290,249,662,1,1,1
232,12,433,294,257,656,1,1,1
233,12,448,298,266,650,1,1,1
234,12,463,302,275,644,1,1,1
235,12,479,307,283,638,1,1,1
236,12,490,305,276,634,1,1,1
237,12,502,303,268,630,1,1,1
238,12,514,302,260,626,1,1,1
239,12,549,304,235,616,1,1,1
240,12,584,306,210,606,1,1,1
241,12,619,309,186,596,1,1,1
242,12,625,310,202,594,1,1,1
243,12,632,311,218,592,1,1,1
244,12,638,312,234,590,1,1,1
245,12,645,313,250,588,1,1,1
246,12,651,314,266,586,1,1,1
247,12,658,315,282,584,1,1,1
248,12,665,317,298,581,1,1,1
249,12,694,317,277,579,1,1,1
250,12,723,318,256,576,1,1,1
251,12,753,318,235,574,1,1,1
252,12,782,319,214,571,1,1,1
253,12,812,320,193,569,1,1,1
254,12,824,321,198,565,1,1,1
255,12,836,323,203,560,1,1,1
256,12,849,324,207,557,1,1,1
257,12,861,326,212,552,1,1,1
258,12,874,328,216,548,1,1,1
259,12,891,328,214,544,1,1,1
260,12,908,328,212,540,1,1,1
261,12,925,328,210,536,1,1,1
262,12,942,328,208,532,1,1,1
263,12,958,328,200,528,1,1,1
264,12,974,328,192,525,1,1,1
265,12,990,329,184,521,1,1,1
266,12,999,330,191,517,1,1,1
267,12,1008,331,198,513,1,1,1
268,12,1017,332,205,510,1,1,1
269,12,1026,333,212,506,1,1,1
270,12,1035,334,219,502,1,1,1
271,12,1045,336,226,498,1,1,1
272,12,1060,336,214,497,1,1,1
273,12,1075,337,203,495,1,1,1
274,12,1090,338,192,494,1,1,1
275,12,1105,338,187,491,1,1,1
276,12,1121,339,181,487,1,1,1
277,12,1137,340,175,484,1,1,1
278,12,1145,341,178,482,1,1,1
279,12,1153,342,182,480,1,1,1
280,12,1161,343,186,478,1,1,1
281,12,1169,344,190,477,1,1,1
282,12,1178,344,190,475,1,1,1
283,12,1188,345,189,473,1,1,1
284,12,1198,346,188,470,1,1,1
285,12,1208,347,187,468,1,1,1
286,12,1218,348,186,466,1,1,1
287,12,1230,347,185,464,1,1,1
288,12,1242,347,184,461,1,1,1
289,12,1254,347,183,459,1,1,1
290,12,1266,347,182,456,1,1,1
291,12,1279,347,180,454,1,1,1
292,12,1287,350,180,451,1,1,1
293,12,1295,353,180,448,1,1,1
294,12,1304,356,180,446,1,1,1
295,12,1313,357,180,443,1,1,1
296,12,1323,358,179,441,1,1,1
297,12,1332,359,179,438,1,1,1
298,12,1342,360,178,436,1,1,1
299,12,1348,359,177,434,1,1,1
300,12,1354,358,176,432,1,1,1
301,12,1360,358,175,429,1,1,1
302,12,1364,358,174,428,1,1,1
303,12,1368,358,173,427,1,1,1
304,12,1373,359,172,425,1,1,1
305,12,1377,359,171,424,1,1,1
306,12,1382,360,170,422,1,1,1
307,12,1387,360,169,420,1,1,1
308,12,1392,360,169,418,1,1,1
309,12,1398,360,167,416,1,1,1
310,12,1403,360,167,414,1,1,1
311,12,1409,361,166,412,1,1,1
312,12,1410,361,166,411,1,1,1
313,12,1412,361,165,410,1,1,1
314,12,1414,362,164,408,1,1,1
315,12,1415,363,163,406,1,1,1
316,12,1417,364,162,404,1,1,1
317,12,1418,365,161,402,1,1,1
318,12,1420,366,160,400,1,1,1
319,12,1429,367,160,398,1,1,1
320,12,1438,368,160,396,1,1,1
321,12,1447,370,160,393,1,1,1
322,12,1445,370,162,390,1,1,1
323,12,1443,370,165,388,1,1,1
324,12,1442,370,167,386,1,1,1
325,12,1440,370,170,384,1,1,1
326,12,1439,370,172,382,1,1,1
327,12,1441,371,168,380,1,1,1
328,12,1444,373,163,378,1,1,1
329,12,1446,375,160,376,1,1,1
330,12,1449,377,155,374,1,1,1
331,12,1452,379,151,372,1,1,1
332,12,1448,380,150,370,1,1,1
333,12,1445,381,149,369,1,1,1
334,12,1442,382,148,368,1,1,1
335,12,1443,382,148,367,1,1,1
336,12,1445,383,147,366,1,1,1
337,12,1446,383,147,365,1,1,1
338,12,1448,384,146,364,1,1,1
339,12,1447,383,145,362,1,1,1
340,12,1446,382,145,360,1,1,1
341,12,1445,382,145,357,1,1,1
342,12,1448,384,143,355,1,1,1
343,12,1451,386,142,353,1,1,1
344,12,1454,388,140,351,1,1,1
345,12,1457,390,139,349,1,1,1
346,12,1460,392,138,348,1,1,1
347,12,1460,392,141,344,1,1,1
348,12,1460,392,144,340,1,1,1
349,12,1460,392,147,336,1,1,1
350,12,1460,392,150,332,1,1,1
351,12,1461,393,153,328,1,1,1
352,12,1467,394,147,330,1,1,1
353,12,1473,395,141,332,1,1,1
354,12,1480,396,134,334,1,1,1
355,12,1482,396,134,332,1,1,1
356,12,1485,397,133,330,1,1,1
357,12,1487,397,133,328,1,1,1
358,12,1490,398,132,326,1,1,1
359,12,1493,398,132,324,1,1,1
360,12,1497,399,131,322,1,1,1
361,12,1500,399,131,320,1,1,1
362,12,1504,400,130,318,1,1,1
363,12,1510,400,130,317,1,1,1
364,12,1516,401,130,315,1,1,1
365,12,1522,401,130,314,1,1,1
366,12,1528,402,130,312,1,1,1
367,12,1533,402,129,310,1,1,1
368,12,1538,402,128,309,1,1,1
369,12,1543,403,128,306,1,1,1
370,12,1548,403,127,305,1,1,1
371,12,1553,404,127,303,1,1,1
372,12,1560,405,128,301,1,1,1
373,12,1568,406,128,299,1,1,1
374,12,1576,408,128,296,1,1,1
375,12,1581,408,128,295,1,1,1
376,12,1586,409,128,293,1,1,1
377,12,1591,409,128,292,1,1,1
378,12,1596,410,128,290,1,1,1
379,12,1598,409,128,290,1,1,1
380,12,1601,409,127,289,1,1,1
381,12,1604,409,126,288,1,1,1
382,12,1608,409,126,287,1,1,1
383,12,1612,409,126,286,1,1,1
384,12,1616,409,126,286,1,1,1
385,12,1620,409,126,285,1,1,1
386,12,1624,410,126,284,1,1,1
387,12,1629,409,125,284,1,1,1
388,12,1634,409,125,283,1,1,1
389,12,1639,409,124,282,1,1,1
390,12,1644,409,124,281,1,1,1
391,12,1649,409,124,280,1,1,1
392,12,1650,410,124,279,1,1,1
393,12,1651,411,124,278,1,1,1
394,12,1652,412,124,278,1,1,1
395,12,1655,412,124,277,1,1,1
396,12,1659,413,123,275,1,1,1
397,12,1662,413,123,274,1,1,1
398,12,1666,414,122,272,1,1,1
399,12,1674,411,122,272,1,1,1
400,12,1682,409,122,271,1,1,1
401,12,1691,407,121,271,1,1,1
402,12,1691,408,121,270,1,1,1
403,12,1692,409,120,269,1,1,1
404,12,1692,411,121,268,1,1,1
405,12,1693,412,120,267,1,1,1
406,12,1694,414,120,266,1,1,1
407,12,1698,413,120,265,1,1,1
408,12,1702,413,120,264,1,1,1
409,12,1706,412,120,263,1,1,1
410,12,1710,412,120,262,1,1,1
411,12,1714,412,120,261,1,1,1
412,12,1716,413,120,261,1,1,1
413,12,1718,414,120,261,1,1,1
414,12,1720,416,120,260,1,1,1
415,12,1723,416,120,259,1,1,1
416,12,1727,417,119,257,1,1,1
417,12,1730,417,119,256,1,1,1
418,12,1734,418,118,254,1,1,1
419,12,1738,418,117,253,1,1,1
420,12,1742,418,117,253,1,1,1
421,12,1746,418,116,252,1,1,1
422,12,1750,418,116,252,1,1,1
423,12,1753,418,116,251,1,1,1
424,12,1757,419,116,250,1,1,1
425,12,1760,419,116,249,1,1,1
426,12,1764,420,116,248,1,1,1
427,12,1768,420,115,247,1,1,1
428,12,1772,420,115,247,1,1,1
429,12,1776,420,114,246,1,1,1
430,12,1780,420,114,246,1,1,1
431,12,1783,420,114,245,1,1,1
432,12,1787,421,114,243,1,1,1
433,12,1790,421,114,242,1,1,1
434,12,1794,422,114,240,1,1,1
435,12,1799,421,111,239,1,1,1
436,12,1804,420,108,238,1,1,1
437,12,1809,419,106,237,1,1,0.96309
438,12,1808,420,108,237,1,1,1
439,12,1807,421,110,237,1,1,1
264,13,820,350,189,487,1,1,0.81053
265,13,828,353,196,483,1,1,0.82234
266,13,842,352,188,480,1,1,0.83069
267,13,856,351,181,477,1,1,0.83516
268,13,870,350,173,474,1,1,0.84483
269,13,884,350,166,470,1,1,0.8503
270,13,898,350,162,467,1,1,0.84049
271,13,912,350,158,464,1,1,0.83648
272,13,927,350,154,462,1,1,0.85806
273,13,936,352,161,460,1,1,0.85802
274,13,945,354,168,458,1,1,0.85799
275,13,954,357,175,455,1,1,0.85795
276,13,963,359,182,453,1,1,0.86339
277,13,972,362,190,450,1,1,0.86387
278,13,981,361,183,447,1,1,0.8913
279,13,990,360,177,445,1,1,0.91573
280,13,999,360,170,442,1,1,0.94737
281,13,1008,359,164,440,1,1,0.97576
282,13,1017,358,157,438,1,1,1
283,13,1026,358,151,435,1,1,1
284,13,1033,359,155,433,1,1,1
285,13,1040,360,159,431,1,1,1
286,13,1047,361,163,430,1,1,1
287,13,1054,362,168,428,1,1,1
288,13,1061,363,172,427,1,1,1
289,13,1068,364,176,425,1,1,1
290,13,1076,365,180,424,1,1,1
291,13,1075,364,171,422,1,1,1
292,13,1074,363,163,421,1,1,1
293,13,1074,362,154,420,1,1,1
294,13,1081,362,151,418,1,1,1
295,13,1089,363,148,416,1,1,1
296,13,1097,364,145,413,1,1,1
297,13,1105,365,141,411,1,1,1
298,13,1113,366,138,408,1,1,1
299,13,1121,367,135,406,1,1,1
300,13,1127,367,137,405,1,1,1
301,13,1133,367,140,404,1,1,1
302,13,1139,368,143,402,1,1,1
303,13,1145,368,146,401,1,1,1
304,13,1152,369,148,399,1,1,1
305,13,1156,369,143,397,1,1,1
306,13,1161,369,138,395,1,1,1
307,13,1165,369,133,393,1,1,1
308,13,1170,369,128,391,1,1,1
309,13,1175,370,123,388,1,1,1
310,13,1174,371,129,387,1,1,1
311,13,1173,373,135,386,1,1,1
312,13,1172,374,141,385,1,1,1
313,13,1172,376,146,384,1,1,1
314,13,1176,377,146,381,1,1,1
315,13,1181,378,146,379,1,1,1
316,13,1185,379,146,376,1,1,1
317,13,1190,380,146,374,1,1,1
318,13,1195,380,145,373,1,1,1
319,13,1200,381,145,371,1,1,1
320,13,1205,381,144,370,1,1,1
321,13,1210,382,144,368,1,1,1
322,13,1215,383,143,366,1,1,1
323,13,1220,384,143,364,1,1,1
324,13,1225,385,142,362,1,1,1
325,13,1230,386,142,360,1,1,1
326,13,1234,386,142,358,1,1,1
327,13,1239,387,141,356,1,1,1
328,13,1243,387,141,354,1,1,1
329,13,1248,388,140,352,1,1,1
330,13,1253,389,139,350,1,1,1
331,13,1258,390,139,348,1,1,1
332,13,1263,391,138,346,1,1,1
333,13,1268,392,138,344,1,1,1
334,13,1273,392,137,343,1,1,1
335,13,1278,393,137,341,1,1,1
336,13,1283,393,136,340,1,1,1
337,13,1288,394,136,338,1,1,0.9854
338,13,1293,395,135,336,1,1,1
339,13,1298,396,135,334,1,1,1
340,13,1303,397,134,332,1,1,1
341,13,1308,398,134,330,1,1,1
342,13,1312,398,134,328,1,1,1
343,13,1317,399,134,326,1,1,0.99259
344,13,1321,399,134,324,1,1,0.98519
345,13,1326,400,134,322,1,1,0.97037
346,13,1331,401,133,320,1,1,0.96269
347,13,1336,402,133,318,1,1,0.92537
348,13,1341,403,132,316,1,1,0.89474
349,13,1346,404,132,314,1,1,0.85714
350,13,1351,404,131,313,1,1,0.82576
352,13,1361,405,130,310,1,1,0.80916
353,13,1366,406,130,308,1,1,0.81679
354,13,1370,407,130,305,1,1,0.83969
355,13,1375,408,130,303,1,1,0.81679
356,13,1379,409,130,300,1,1,0.80916
366,13,1426,414,125,287,1,1,0.80952
367,13,1430,414,125,286,1,1,0.81746
370,13,1442,414,123,283,1,1,0.85484
371,13,1446,414,123,283,1,1,0.8629
372,13,1450,414,122,282,1,1,0.89431
373,13,1454,414,122,282,1,1,0.92683
374,13,1458,414,122,281,1,1,0.95935
375,13,1462,415,122,280,1,1,0.96748
376,13,1466,415,122,279,1,1,0.97561
377,13,1470,416,122,278,1,1,0.98374
378,13,1474,416,121,277,1,1,1
379,13,1478,416,121,276,1,1,0.98361
380,13,1482,416,120,275,1,1,0.98347
381,13,1486,416,120,274,1,1,0.97521
382,13,1490,416,119,273,1,1,0.98333
383,13,1495,416,118,273,1,1,0.98319
384,13,1499,416,117,272,1,1,0.99153
385,13,1504,416,116,272,1,1,0.99145
386,13,1508,416,115,271,1,1,1
387,13,1512,417,115,270,1,1,1
388,13,1516,417,114,269,1,1,1
389,13,1520,418,114,268,1,1,1
390,13,1524,418,113,267,1,1,1
391,13,1528,418,113,267,1,1,1
392,13,1532,418,112,266,1,1,1
393,13,1536,418,112,266,1,1,1
394,13,1540,418,112,265,1,1,0.99115
395,13,1544,418,112,264,1,1,0.9823
396,13,1548,418,112,263,1,1,0.9823
397,13,1552,418,112,262,1,1,0.97345
398,13,1556,418,111,261,1,1,0.98214
399,13,1560,419,111,260,1,1,1
400,13,1564,419,110,259,1,1,1
401,13,1568,420,110,258,1,1,1
402,13,1572,420,109,257,1,1,1
403,13,1577,420,108,257,1,1,1
404,13,1581,420,107,256,1,1,1
405,13,1586,420,106,256,1,1,1
406,13,1590,420,105,255,1,1,0.98113
407,13,1594,420,105,255,1,1,0.98113
408,13,1598,420,104,254,1,1,0.99048
409,13,1602,420,104,254,1,1,0.99048
410,13,1606,420,103,253,1,1,1
411,13,1610,421,103,251,1,1,1
412,13,1614,421,102,250,1,1,0.99029
413,13,1618,422,102,248,1,1,0.97087
414,13,1622,422,102,247,1,1,0.95146
415,13,1626,422,102,247,1,1,0.94175
416,13,1630,422,102,246,1,1,0.94175
417,13,1634,422,102,246,1,1,0.93204
418,13,1638,422,101,245,1,1,0.94118
419,13,1642,422,101,245,1,1,0.94118
420,13,1646,422,100,244,1,1,0.9505
421,13,1650,422,100,244,1,1,0.9505
422,13,1654,422,99,243,1,1,0.96
423,13,1659,422,98,243,1,1,0.94949
424,13,1663,422,97,242,1,1,0.95918
425,13,1668,422,96,242,1,1,0.94845
426,13,1672,422,96,241,1,1,0.94845
427,13,1676,422,96,240,1,1,0.94845
428,13,1680,422,96,239,1,1,0.94845
429,13,1684,422,96,238,1,1,0.94845
430,13,1688,422,96,237,1,1,0.94845
431,13,1693,422,95,237,1,1,0.9375
432,13,1697,422,95,236,1,1,0.9375
433,13,1702,422,94,236,1,1,0.92632
434,13,1706,422,94,235,1,1,0.92632
435,13,1711,422,93,235,1,1,0.93617
436,13,1715,422,93,234,1,1,0.94681
437,13,1720,422,92,234,1,1,0.95699
438,13,1724,422,91,233,1,1,0.91304
439,13,1728,422,91,233,1,1,0.8587
440,13,1732,422,90,232,1,1,0.82418
443,13,1745,422,89,231,1,1,0.87778
444,13,1749,422,89,230,1,1,1
445,13,1754,422,88,230,1,1,0.91011
446,13,1758,422,88,229,1,1,0.80899
471,13,1816,427,77,216,1,1,0.87179
472,13,1818,427,76,215,1,1,0.94805
473,13,1820,428,76,214,1,1,1
474,13,1821,428,76,214,1,1,1
475,13,1823,428,75,214,1,1,1
476,13,1824,428,75,214,1,1,1
477,13,1826,428,74,214,1,1,1
478,13,1828,428,73,214,1,1,1
479,13,1830,429,73,213,1,1,1
480,13,1832,429,72,213,1,1,1
481,13,1834,430,72,212,1,1,1
482,13,1835,430,72,211,1,1,1
483,13,1837,430,71,211,1,1,1
484,13,1838,430,71,210,1,1,1
444,14,1841,390,91,289,1,1,0.86957
445,14,1835,391,91,289,1,1,0.93478
446,14,1830,393,90,288,1,1,1
447,14,1811,394,110,287,1,1,0.99099
448,14,1792,395,130,286,1,1,0.98473
449,14,1773,396,150,285,1,1,0.98013
450,14,1769,396,146,285,1,1,1
451,14,1766,396,142,285,1,1,1
452,14,1763,396,137,285,1,1,1
453,14,1760,397,133,285,1,1,1
454,14,1752,397,126,284,1,1,1
455,14,1744,397,120,284,1,1,1
456,14,1736,397,114,283,1,1,1
457,14,1728,397,108,283,1,1,1
458,14,1720,398,102,282,1,1,1
459,14,1705,399,114,281,1,1,1
460,14,1691,401,125,280,1,1,1
461,14,1676,402,137,279,1,1,1
462,14,1662,404,148,278,1,1,1
463,14,1655,405,149,276,1,1,1
464,14,1648,407,150,274,1,1,1
465,14,1642,409,151,272,1,1,1
466,14,1637,408,141,272,1,1,1
467,14,1633,408,131,272,1,1,1
468,14,1629,408,121,272,1,1,1
469,14,1625,407,111,272,1,1,1
470,14,1621,407,101,272,1,1,1
471,14,1617,407,91,272,1,1,1
472,14,1613,407,81,272,1,1,1
473,14,1601,408,93,270,1,1,1
474,14,1589,409,105,268,1,1,1
475,14,1577,411,117,265,1,1,1
500,14,1412,429,93,241,1,1,0.84043
501,14,1406,430,94,241,1,1,0.84211
502,14,1400,432,95,239,1,1,0.83333
503,14,1394,433,96,238,1,1,0.82474
504,14,1388,435,98,237,1,1,1
505,14,1382,435,96,236,1,1,1
506,14,1377,436,93,234,1,1,0.84043
507,14,1371,436,91,233,1,1,0.8587
508,14,1366,437,89,231,1,1,0.86667
509,14,1361,437,86,230,1,1,0.88506
513,14,1338,439,84,226,1,1,1
514,14,1331,439,90,227,1,1,1
515,14,1324,440,95,227,1,1,1
516,14,1317,440,101,228,1,1,1
517,14,1310,440,106,229,1,1,1
518,14,1303,441,112,230,1,1,1
471,15,1687,397,138,274,1,1,0.84748
472,15,1676,398,145,276,1,1,0.87409
473,15,1677,401,120,273,1,1,0.85504
477,15,1648,406,100,270,1,1,1
478,15,1635,406,109,269,1,1,1
479,15,1623,406,117,269,1,1,1
483,15,1592,409,129,266,1,1,1
484,15,1589,411,127,265,1,1,1
485,15,1586,414,108,262,1,1,1
486,15,1579,414,108,261,1,1,1
508,15,1444,427,94,243,1,1,0.86316
509,15,1438,428,94,242,1,1,0.96842
510,15,1411,431,106,240,1,1,1
511,15,1407,430,101,238,1,1,1
512,15,1404,429,96,237,1,1,1
520,15,1352,435,95,231,1,1,1
521,15,1348,435,97,229,1,1,1
522,15,1345,436,98,228,1,1,1
523,15,1342,437,99,227,1,1,1
524,15,1340,438,99,226,1,1,1
525,15,1330,439,106,226,1,1,1
430,17,1162,473,62,169,1,1,0.84127
431,17,1166,472,62,170,1,1,0.90476
432,17,1170,472,62,170,1,1,0.96825
433,17,1174,471,62,171,1,1,1
434,17,1178,471,63,171,1,1,1
435,17,1182,470,63,172,1,1,1
436,17,1186,470,64,172,1,1,1
437,17,1190,470,64,172,1,1,1
438,17,1195,470,64,172,1,1,0.98462
439,17,1199,470,64,172,1,1,0.92308
440,17,1204,470,64,172,1,1,0.87692
441,17,1208,469,64,173,1,1,0.81538
201,18,1505,422,82,233,1,1,0.82932
202,18,1511,422,82,233,1,1,0.87483
203,18,1516,422,82,232,1,1,0.90858
204,18,1522,422,82,232,1,1,0.95408
205,18,1524,423,89,232,1,1,0.95727
206,18,1526,424,97,232,1,1,0.96041
207,18,1529,425,103,232,1,1,0.96236
208,18,1531,426,111,232,1,1,0.96475
209,18,1534,427,118,232,1,1,0.9749
210,18,1542,425,109,231,1,1,1
211,18,1550,423,101,230,1,1,1
212,18,1558,421,93,229,1,1,1
213,18,1567,421,93,229,1,1,1
214,18,1576,422,93,229,1,1,1
215,18,1585,422,93,229,1,1,1
216,18,1594,423,93,229,1,1,1
217,18,1596,423,100,228,1,1,1
218,18,1599,423,107,228,1,1,1
219,18,1602,423,114,227,1,1,1
220,18,1605,423,121,227,1,1,1
221,18,1608,423,128,226,1,1,1
222,18,1611,423,135,226,1,1,1
223,18,1614,423,142,226,1,1,1
224,18,1623,422,131,226,1,1,1
225,18,1633,422,119,226,1,1,1
226,18,1642,422,108,226,1,1,1
227,18,1652,422,96,226,1,1,1
228,18,1662,422,84,226,1,1,1
229,18,1670,421,85,226,1,1,1
230,18,1679,421,85,226,1,1,1
231,18,1688,421,85,226,1,1,1
232,18,1692,421,85,225,1,1,1
233,18,1696,421,85,225,1,1,1
234,18,1700,421,85,225,1,1,1
235,18,1704,421,85,225,1,1,1
236,18,1708,422,86,224,1,1,1
237,18,1714,422,86,223,1,1,1
238,18,1720,422,86,223,1,1,1
239,18,1726,422,86,222,1,1,1
240,18,1732,422,86,222,1,1,1
241,18,1738,422,86,222,1,1,1
242,18,1744,423,86,221,1,1,1
243,18,1750,423,86,221,1,1,1
244,18,1756,424,86,220,1,1,1
245,18,1759,424,86,219,1,1,1
246,18,1762,424,86,219,1,1,1
247,18,1765,424,86,218,1,1,1
248,18,1768,424,86,218,1,1,1
249,18,1771,423,96,217,1,1,1
250,18,1774,423,107,215,1,1,1
251,18,1778,423,117,214,1,1,1
252,18,1782,422,113,215,1,1,1
253,18,1787,422,109,215,1,1,1
254,18,1792,422,104,216,1,1,1
255,18,1797,421,100,217,1,1,1
256,18,1802,421,95,218,1,1,1
257,18,1807,421,91,218,1,1,1
258,18,1812,421,87,219,1,1,1
259,18,1817,421,88,218,1,1,1
260,18,1822,422,89,217,1,1,1
261,18,1827,423,90,216,1,1,1
262,18,1827,423,90,216,1,1,1
263,18,1827,423,90,216,1,1,1
264,18,1827,423,90,216,1,1,1
265,18,1830,423,88,215,1,1,1
266,18,1833,423,87,214,1,1,1
267,18,1837,423,85,213,1,1,0.97674
268,18,1840,423,84,212,1,1,0.95294
269,18,1844,423,82,211,1,1,0.92771
270,18,1845,423,82,210,1,1,0.91566
271,18,1847,424,82,208,1,1,0.89157
272,18,1848,424,83,208,1,1,0.86905
273,18,1850,425,83,206,1,1,0.84524
274,18,1851,425,84,205,1,1,0.82353
1,19,1686,387,171,345,1,1,1
2,19,1685,386,170,347,1,1,1
3,19,1684,386,170,348,1,1,1
4,19,1683,385,169,351,1,1,1
5,19,1683,385,168,352,1,1,1
6,19,1682,384,168,354,1,1,1
7,19,1681,384,167,356,1,1,1
8,19,1680,383,167,358,1,1,1
9,19,1680,383,166,360,1,1,1
10,19,1677,382,167,362,1,1,1
11,19,1675,382,168,364,1,1,1
12,19,1673,381,168,366,1,1,1
13,19,1671,381,169,368,1,1,1
14,19,1668,380,170,370,1,1,1
15,19,1666,380,171,372,1,1,1
16,19,1664,379,171,374,1,1,1
17,19,1662,379,172,376,1,1,1
18,19,1657,378,175,378,1,1,1
19,19,1652,378,179,379,1,1,1
20,19,1647,378,182,380,1,1,1
21,19,1642,378,186,382,1,1,1
22,19,1640,377,185,384,1,1,1
23,19,1639,376,183,386,1,1,1
24,19,1637,375,183,388,1,1,1
25,19,1636,374,181,390,1,1,1
26,19,1634,373,181,392,1,1,1
27,19,1633,372,179,394,1,1,1
28,19,1631,371,179,396,1,1,1
29,19,1630,371,177,398,1,1,1
30,19,1628,370,177,400,1,1,1
31,19,1627,369,175,402,1,1,1
32,19,1625,368,175,404,1,1,1
33,19,1624,367,173,406,1,1,1
34,19,1622,366,173,408,1,1,1
35,19,1621,365,171,410,1,1,1
36,19,1620,365,170,412,1,1,1
37,19,1617,364,171,414,1,1,1
38,19,1614,363,173,416,1,1,1
39,19,1612,363,174,417,1,1,1
40,19,1609,362,176,420,1,1,1
41,19,1606,361,177,422,1,1,1
42,19,1604,361,178,423,1,1,1
43,19,1601,360,180,425,1,1,1
44,19,1598,360,182,427,1,1,1
45,19,1596,359,183,429,1,1,1
46,19,1593,358,184,431,1,1,1
47,19,1590,358,186,433,1,1,1
48,19,1588,357,187,435,1,1,1
49,19,1585,357,189,436,1,1,1
50,19,1582,356,190,438,1,1,1
51,19,1580,355,191,441,1,1,1
52,19,1577,355,193,442,1,1,1
53,19,1574,354,195,444,1,1,0.9949
54,19,1572,354,196,446,1,1,0.98985
55,19,1565,353,197,448,1,1,1
56,19,1558,352,199,450,1,1,1
57,19,1551,351,200,452,1,1,1
58,19,1544,350,202,454,1,1,1
59,19,1537,349,203,456,1,1,1
60,19,1530,348,205,458,1,1,1
61,19,1523,347,206,460,1,1,1
62,19,1516,346,208,462,1,1,1
63,19,1509,345,210,464,1,1,1
64,19,1509,345,207,465,1,1,1
65,19,1509,345,205,466,1,1,1
66,19,1509,345,203,468,1,1,1
67,19,1509,345,201,469,1,1,1
68,19,1509,345,199,471,1,1,1
69,19,1509,345,197,472,1,1,1
70,19,1509,345,195,474,1,1,1
71,19,1509,345,193,475,1,1,1
72,19,1510,346,190,476,1,1,1
73,19,1502,344,195,478,1,1,1
74,19,1495,342,200,480,1,1,1
75,19,1488,340,205,483,1,1,1
76,19,1480,338,211,485,1,1,1
77,19,1473,336,215,488,1,1,1
78,19,1466,334,220,490,1,1,1
79,19,1458,332,226,493,1,1,1
80,19,1451,330,231,495,1,1,1
81,19,1444,328,236,498,1,1,1
82,19,1437,327,238,502,1,1,1
83,19,1431,326,239,507,1,1,1
84,19,1425,326,241,511,1,1,1
85,19,1419,325,242,516,1,1,1
86,19,1412,324,244,520,1,1,1
87,19,1406,324,246,524,1,1,1
88,19,1400,323,247,529,1,1,1
89,19,1394,322,248,534,1,1,1
90,19,1388,322,250,538,1,1,1
91,19,1386,320,246,543,1,1,1
92,19,1384,319,242,547,1,1,1
93,19,1383,318,238,551,1,1,1
94,19,1381,316,234,556,1,1,1
95,19,1379,315,230,560,1,1,1
96,19,1378,314,226,564,1,1,1
97,19,1376,312,222,569,1,1,1
98,19,1374,311,218,573,1,1,1
99,19,1373,310,214,578,1,1,1
100,19,1366,308,216,582,1,1,1
101,19,1359,307,219,585,1,1,1
102,19,1352,306,221,588,1,1,1
103,19,1345,304,224,592,1,1,1
104,19,1338,303,227,596,1,1,1
105,19,1332,302,228,599,1,1,1
106,19,1325,300,231,603,1,1,1
107,19,1318,299,233,606,1,1,1
108,19,1311,298,236,610,1,1,1
109,19,1304,296,239,614,1,1,1
110,19,1297,295,241,617,1,1,1
111,19,1291,294,243,620,1,1,1
112,19,1284,292,245,624,1,1,1
113,19,1277,291,248,628,1,1,1
114,19,1270,290,251,631,1,1,1
115,19,1263,288,253,635,1,1,1
116,19,1256,287,256,638,1,1,1
117,19,1250,286,258,642,1,1,0.99614
118,19,1233,283,265,648,1,1,1
119,19,1217,281,271,654,1,1,1
120,19,1201,279,277,659,1,1,1
121,19,1185,277,283,665,1,1,1
122,19,1169,275,289,670,1,1,1
123,19,1153,273,296,676,1,1,1
124,19,1148,272,293,681,1,1,1
125,19,1144,272,289,686,1,1,1
126,19,1139,272,287,691,1,1,1
127,19,1135,271,283,697,1,1,1
128,19,1130,271,281,701,1,1,1
129,19,1126,271,277,706,1,1,1
130,19,1121,270,275,712,1,1,1
131,19,1117,270,271,717,1,1,1
132,19,1113,270,268,722,1,1,1
133,19,1099,266,274,728,1,1,1
134,19,1085,262,281,734,1,1,1
135,19,1072,258,286,740,1,1,1
136,19,1058,254,293,746,1,1,1
137,19,1044,251,299,751,1,1,1
138,19,1031,247,305,757,1,1,1
139,19,1017,243,311,763,1,1,1
140,19,1003,239,318,769,1,1,1
141,19,990,236,324,774,1,1,1
142,19,978,234,327,783,1,1,1
143,19,967,232,329,792,1,1,0.95758
144,19,956,231,332,800,1,1,0.95796
145,19,946,230,335,808,1,1,0.95536
146,19,937,230,337,816,1,1,0.95266
147,19,927,229,340,824,1,1,0.95015
148,19,918,229,342,832,1,1,0.94752
149,19,908,228,345,840,1,1,0.94509
150,19,899,228,347,848,1,1,0.94253
151,19,889,227,350,856,1,1,0.93972
152,19,880,227,352,864,1,1,0.92016
153,19,868,223,351,873,1,1,0.98169
154,19,857,220,349,882,1,1,0.97508
155,19,845,217,348,891,1,1,0.96861
156,19,834,214,347,900,1,1,0.96226
157,19,822,211,346,909,1,1,0.95604
158,19,811,208,344,918,1,1,0.94995
159,19,799,205,344,927,1,1,0.94397
160,19,788,202,342,936,1,1,0.9381
161,19,776,199,341,945,1,1,0.93235
162,19,765,196,340,954,1,1,0.9267
163,19,743,190,347,964,1,1,0.92332
164,19,722,184,353,974,1,1,0.92
165,19,700,179,360,983,1,1,0.91667
166,19,679,173,366,993,1,1,0.91348
167,19,657,168,373,1002,1,1,0.91027
168,19,636,162,379,1012,1,1,0.90721
169,19,614,157,386,1021,1,1,0.90411
170,19,593,151,392,1031,1,1,0.90116
171,19,572,146,398,1040,1,1,0.89817
172,19,557,142,397,1049,1,1,0.89429
173,19,542,139,396,1058,1,1,0.88952
174,19,527,136,395,1067,1,1,0.88483
175,19,512,133,394,1076,1,1,0.88022
176,19,486,132,416,1085,1,1,0.87385
177,19,460,132,438,1093,1,1,0.86746
178,19,434,132,461,1101,1,1,0.86116
179,19,408,132,483,1109,1,1,0.85495
180,19,382,132,505,1117,1,1,0.84884
181,19,356,132,528,1126,1,1,0.84206
182,19,334,126,522,1135,1,1,0.84067
183,19,312,121,517,1143,1,1,0.83916
184,19,290,116,511,1152,1,1,0.83695
185,19,268,110,506,1161,1,1,0.83563
186,19,246,105,500,1169,1,1,0.83419
187,19,225,100,494,1178,1,1,0.83206
188,19,158,95,511,1187,1,1,0.82997
189,19,92,91,528,1196,1,1,0.82707
190,19,25,86,545,1205,1,1,0.82504
53,20,1769,288,188,513,1,1,0.80423
54,20,1767,287,189,516,1,1,0.81053
55,20,1764,287,190,518,1,1,0.82199
56,20,1762,287,191,521,1,1,0.82812
57,20,1760,286,192,524,1,1,0.8342
58,20,1757,286,193,526,1,1,0.84536
59,20,1755,285,194,529,1,1,0.85128
60,20,1753,285,195,531,1,1,0.85714
61,20,1751,285,196,534,1,1,0.86294
62,20,1747,283,196,537,1,1,0.88325
63,20,1743,282,197,539,1,1,0.89899
64,20,1739,280,198,542,1,1,0.91457
65,20,1735,279,199,544,1,1,0.93
66,20,1731,277,200,548,1,1,0.94527
67,20,1727,276,201,550,1,1,0.9604
68,20,1723,274,202,553,1,1,0.97537
69,20,1719,273,203,555,1,1,0.9902
70,20,1715,272,204,558,1,1,1
71,20,1712,270,204,561,1,1,1
72,20,1709,269,204,564,1,1,1
73,20,1706,267,205,568,1,1,1
74,20,1703,266,205,571,1,1,1
75,20,1700,264,206,575,1,1,1
76,20,1697,263,206,578,1,1,1
77,20,1694,261,206,582,1,1,1
78,20,1692,260,206,584,1,1,1
79,20,1689,258,206,588,1,1,1
80,20,1686,257,207,591,1,1,1
81,20,1683,255,207,595,1,1,1
82,20,1680,254,207,598,1,1,1
83,20,1677,252,208,602,1,1,1
84,20,1674,251,208,605,1,1,1
85,20,1672,250,208,608,1,1,1
86,20,1672,248,211,612,1,1,1
87,20,1672,246,215,616,1,1,1
88,20,1673,245,218,620,1,1,1
89,20,1666,243,222,624,1,1,1
90,20,1659,242,226,627,1,1,1
91,20,1652,241,230,631,1,1,1
92,20,1645,239,234,635,1,1,1
93,20,1638,238,238,638,1,1,1
94,20,1632,237,242,642,1,1,1
95,20,1626,235,243,646,1,1,1
96,20,1621,234,243,649,1,1,1
97,20,1615,233,244,652,1,1,1
98,20,1610,231,244,656,1,1,1
99,20,1604,230,245,659,1,1,1
100,20,1599,229,245,662,1,1,1
101,20,1594,228,246,666,1,1,1
102,20,1590,224,243,670,1,1,1
103,20,1586,220,240,675,1,1,1
104,20,1582,216,238,680,1,1,1
105,20,1576,216,238,684,1,1,1
106,20,1571,216,237,688,1,1,1
107,20,1565,216,237,692,1,1,1
108,20,1560,216,236,696,1,1,1
109,20,1555,216,235,700,1,1,1
110,20,1549,216,235,704,1,1,1
111,20,1544,216,234,708,1,1,1
112,20,1539,216,233,712,1,1,1
113,20,1533,216,233,716,1,1,1
114,20,1528,216,232,720,1,1,1
115,20,1523,216,232,724,1,1,1
116,20,1515,212,236,730,1,1,1
117,20,1508,208,240,736,1,1,1
118,20,1500,204,245,742,1,1,1
119,20,1493,200,248,748,1,1,1
120,20,1485,196,253,754,1,1,1
121,20,1478,192,257,760,1,1,1
122,20,1470,189,261,766,1,1,1
123,20,1463,185,265,772,1,1,1
124,20,1455,181,270,778,1,1,1
125,20,1448,177,273,784,1,1,1
126,20,1440,173,278,790,1,1,1
127,20,1433,169,282,796,1,1,1
128,20,1426,166,286,802,1,1,1
129,20,1416,163,287,808,1,1,1
130,20,1406,161,288,813,1,1,1
131,20,1396,158,289,819,1,1,1
132,20,1386,156,291,824,1,1,1
133,20,1377,153,291,830,1,1,1
134,20,1367,151,292,835,1,1,1
135,20,1357,148,294,841,1,1,0.99411
136,20,1347,146,295,846,1,1,0.98526
137,20,1338,143,295,852,1,1,0.9823
138,20,1328,141,297,857,1,1,0.97353
139,20,1318,138,298,863,1,1,0.96768
140,20,1308,136,299,868,1,1,0.95886
141,20,1299,134,300,874,1,1,0.95304
142,20,1291,132,302,884,1,1,0.9562
143,20,1283,130,305,894,1,1,0.95946
144,20,1275,128,307,904,1,1,1
145,20,1267,126,310,914,1,1,1
146,20,1259,124,312,924,1,1,1
147,20,1251,122,315,934,1,1,1
148,20,1243,120,317,944,1,1,1
149,20,1235,118,320,954,1,1,1
150,20,1227,116,322,964,1,1,1
151,20,1220,115,324,974,1,1,0.99077
152,20,1209,109,328,982,1,1,0.92543
153,20,1199,103,332,991,1,1,0.93134
154,20,1188,97,337,999,1,1,0.9356
155,20,1178,91,341,1008,1,1,0.94111
156,20,1167,85,346,1016,1,1,0.9425
157,20,1157,80,350,1024,1,1,0.94757
158,20,1146,74,355,1032,1,1,0.95109
159,20,1136,68,359,1041,1,1,0.95349
160,20,1125,62,364,1049,1,1,0.95671
161,20,1115,56,368,1058,1,1,0.96112
162,20,1105,51,372,1066,1,1,0.9631
163,20,1091,46,376,1074,1,1,0.96279
164,20,1077,42,381,1082,1,1,0.95937
165,20,1063,38,385,1090,1,1,0.956
166,20,1049,33,390,1099,1,1,0.95273
167,20,1035,29,394,1107,1,1,0.94946
168,20,1021,25,399,1115,1,1,0.94624
169,20,1007,20,403,1124,1,1,0.94311
170,20,993,16,408,1132,1,1,0.93998
171,20,980,12,412,1140,1,1,0.9369
172,20,969,7,410,1148,1,1,0.93473
173,20,958,2,409,1157,1,1,0.93178
174,20,947,-3,407,1166,1,1,0.92545
175,20,936,-8,406,1174,1,1,0.91915
176,20,925,-13,404,1183,1,1,0.91216
177,20,914,-18,403,1192,1,1,0.90528
178,20,903,-23,401,1200,1,1,0.89925
179,20,892,-28,400,1209,1,1,0.89256
180,20,882,-33,398,1218,1,1,0.87427
181,20,865,-38,404,1226,1,1,0.842
182,20,849,-43,409,1235,1,1,0.85871
183,20,832,-47,415,1243,1,1,0.86817
184,20,816,-52,420,1252,1,1,0.86193
185,20,799,-56,426,1260,1,1,0.85646
186,20,783,-61,431,1269,1,1,0.85039
187,20,767,-66,436,1278,1,1,0.84441
188,20,750,-70,442,1286,1,1,0.83916
189,20,734,-75,447,1295,1,1,0.83333
190,20,717,-79,453,1303,1,1,0.82822
191,20,701,-84,458,1312,1,1,0.82254
192,20,685,-88,464,1320,1,1,0.81756
193,20,655,-93,473,1329,1,1,0.81203
194,20,626,-98,482,1338,1,1,0.80657
195,20,596,-102,492,1347,1,1,0.80119
1,21,1253,533,63,129,1,1,1
9,21,1272,538,55,124,1,1,1
10,21,1273,538,55,125,1,1,1
11,21,1275,538,54,126,1,1,1
12,21,1278,537,53,127,1,1,1
13,21,1281,537,53,127,1,1,1
14,21,1284,536,53,128,1,1,1
15,21,1287,536,53,128,1,1,1
16,21,1291,536,52,129,1,1,1
17,21,1292,535,52,129,1,1,1
18,21,1293,535,52,129,1,1,1
19,21,1294,535,52,129,1,1,1
20,21,1295,535,52,129,1,1,1
21,21,1296,535,52,129,1,1,1
22,21,1297,535,52,129,1,1,1
23,21,1299,535,52,129,1,1,1
24,21,1300,535,52,129,1,1,1
25,21,1301,535,52,129,1,1,1
26,21,1302,534,52,130,1,1,1
27,21,1303,534,52,130,1,1,1
28,21,1304,534,52,130,1,1,1
29,21,1306,534,52,130,1,1,1
30,21,1307,534,52,130,1,1,1
175,21,1333,535,68,148,1,1,0.85507
176,21,1334,535,68,148,1,1,1
177,21,1335,535,68,148,1,1,1
178,21,1337,536,67,148,1,1,1
179,21,1338,536,67,148,1,1,1
180,21,1339,537,67,148,1,1,1
181,21,1340,537,67,148,1,1,1
182,21,1342,538,66,148,1,1,1
183,21,1344,537,66,149,1,1,1
184,21,1347,537,66,149,1,1,1
185,21,1350,537,66,150,1,1,1
186,21,1353,537,66,150,1,1,1
187,21,1356,537,66,151,1,1,1
188,21,1358,537,67,151,1,1,1
189,21,1361,537,66,151,1,1,1
190,21,1364,537,66,152,1,1,1
191,21,1367,537,66,152,1,1,1
192,21,1370,536,66,154,1,1,1
193,21,1372,536,67,154,1,1,1
194,21,1375,536,67,154,1,1,1
195,21,1378,536,67,155,1,1,1
196,21,1381,536,66,155,1,1,1
197,21,1384,536,66,156,1,1,1
198,21,1387,536,66,156,1,1,1
199,21,1389,536,67,156,1,1,1
200,21,1392,536,67,157,1,1,1
201,21,1395,535,67,158,1,1,1
202,21,1398,535,67,159,1,1,1
203,21,1401,535,66,159,1,1,1
204,21,1403,535,67,159,1,1,1
205,21,1406,535,67,160,1,1,1
206,21,1409,535,67,160,1,1,1
207,21,1412,535,67,161,1,1,1
208,21,1415,535,67,161,1,1,1
209,21,1418,535,67,162,1,1,1
210,21,1420,535,67,162,1,1,1
211,21,1423,536,66,162,1,1,1
212,21,1426,536,65,163,1,1,1
213,21,1429,537,65,163,1,1,1
214,21,1431,537,65,164,1,1,1
215,21,1434,538,64,164,1,1,1
216,21,1437,538,63,165,1,1,1
217,21,1440,539,63,165,1,1,1
218,21,1443,538,63,165,1,1,1
219,21,1446,538,64,165,1,1,1
220,21,1449,538,65,165,1,1,1
221,21,1453,537,64,166,1,1,1
222,21,1456,537,65,166,1,1,1
223,21,1459,537,66,166,1,1,1
224,21,1462,536,66,167,1,1,1
225,21,1466,536,66,167,1,1,1
226,21,1469,536,67,167,1,1,1
227,21,1472,535,67,168,1,1,1
228,21,1475,535,68,168,1,1,1
229,21,1479,535,68,168,1,1,1
230,21,1482,534,68,169,1,1,1
231,21,1485,534,69,169,1,1,1
232,21,1489,534,69,169,1,1,1
233,21,1492,533,74,170,1,1,1
234,21,1496,533,79,171,1,1,1
235,21,1499,533,85,171,1,1,1
236,21,1503,532,90,173,1,1,1
237,21,1506,532,96,173,1,1,1
238,21,1510,532,101,174,1,1,1
239,21,1514,532,106,175,1,1,1
240,21,1522,531,103,176,1,1,1
241,21,1530,531,100,176,1,1,1
242,21,1539,531,97,177,1,1,1
243,21,1547,531,94,177,1,1,1
244,21,1556,531,91,178,1,1,1
245,21,1562,530,89,179,1,1,1
246,21,1569,530,86,179,1,1,1
247,21,1575,530,84,179,1,1,1
248,21,1582,530,82,180,1,1,1
249,21,1589,530,79,180,1,1,1
250,21,1595,530,77,180,1,1,1
251,21,1602,530,74,180,1,1,1
252,21,1609,530,72,181,1,1,1
253,21,1614,529,78,182,1,1,1
254,21,1619,529,84,183,1,1,1
255,21,1624,529,90,184,1,1,1
256,21,1629,529,96,185,1,1,1
257,21,1635,529,102,186,1,1,1
258,21,1641,528,99,187,1,1,1
259,21,1648,527,95,189,1,1,1
260,21,1655,526,91,190,1,1,1
261,21,1662,525,87,192,1,1,1
262,21,1669,524,83,193,1,1,1
263,21,1676,523,79,195,1,1,1
264,21,1680,523,81,195,1,1,1
265,21,1684,523,83,196,1,1,1
266,21,1688,524,85,195,1,1,1
267,21,1692,524,88,196,1,1,1
268,21,1697,525,89,195,1,1,1
269,21,1701,525,91,196,1,1,1
270,21,1705,525,94,196,1,1,1
271,21,1709,526,96,196,1,1,1
272,21,1713,526,98,196,1,1,1
273,21,1718,527,100,196,1,1,1
274,21,1720,526,99,198,1,1,1
275,21,1722,526,98,200,1,1,1
276,21,1724,526,97,202,1,1,1
277,21,1726,526,96,203,1,1,1
278,21,1728,526,95,205,1,1,1
279,21,1730,526,94,207,1,1,1
280,21,1726,526,97,207,1,1,1
281,21,1722,526,100,207,1,1,1
282,21,1718,526,103,207,1,1,1
283,21,1714,526,106,207,1,1,1
284,21,1710,526,109,207,1,1,1
285,21,1707,526,112,207,1,1,1
286,21,1705,525,112,207,1,1,1
287,21,1703,525,112,207,1,1,1
288,21,1701,525,112,207,1,1,1
289,21,1699,525,113,207,1,1,1
290,21,1697,524,113,207,1,1,1
291,21,1695,524,113,207,1,1,1
292,21,1693,524,113,207,1,1,1
293,21,1691,524,114,207,1,1,1
294,21,1691,524,113,207,1,1,1
295,21,1692,524,111,207,1,1,1
296,21,1693,524,109,207,1,1,1
297,21,1694,524,107,207,1,1,1
298,21,1695,524,105,207,1,1,1
299,21,1696,524,104,207,1,1,1
300,21,1697,524,102,207,1,1,1
301,21,1698,524,100,207,1,1,1
302,21,1699,524,98,207,1,1,1
303,21,1700,524,96,207,1,1,1
304,21,1701,524,94,207,1,1,1
305,21,1702,524,93,207,1,1,1
306,21,1700,524,94,207,1,1,1
307,21,1699,524,94,207,1,1,1
308,21,1698,524,94,207,1,1,1
309,21,1697,524,95,207,1,1,1
310,21,1696,524,95,207,1,1,1
311,21,1695,525,95,207,1,1,1
312,21,1694,525,95,207,1,1,1
313,21,1693,525,96,207,1,1,1
314,21,1692,525,96,207,1,1,1
315,21,1691,525,96,207,1,1,1
316,21,1690,525,96,207,1,1,1
317,21,1689,526,97,207,1,1,1
318,21,1686,526,99,207,1,1,1
319,21,1683,526,101,207,1,1,1
320,21,1681,526,102,207,1,1,1
321,21,1678,526,104,207,1,1,1
322,21,1675,527,107,206,1,1,1
323,21,1673,527,108,206,1,1,1
324,21,1670,527,110,206,1,1,1
325,21,1667,527,112,206,1,1,1
326,21,1665,528,114,205,1,1,1
327,21,1666,527,111,205,1,1,1
328,21,1668,526,108,206,1,1,1
329,21,1670,526,105,206,1,1,1
330,21,1672,525,102,207,1,1,1
331,21,1674,524,99,208,1,1,1
332,21,1675,524,97,208,1,1,1
333,21,1677,523,94,209,1,1,1
334,21,1679,522,91,210,1,1,1
335,21,1681,522,88,210,1,1,1
336,21,1683,521,85,211,1,1,1
337,21,1685,521,82,211,1,1,1
338,21,1684,521,82,210,1,1,1
339,21,1683,521,83,210,1,1,1
340,21,1683,522,83,209,1,1,1
341,21,1682,522,84,209,1,1,1
342,21,1681,523,85,208,1,1,1
343,21,1681,523,85,208,1,1,1
344,21,1680,524,85,207,1,1,1
345,21,1679,524,86,207,1,1,1
346,21,1679,525,86,206,1,1,1
347,21,1678,525,87,206,1,1,1
348,21,1677,525,88,206,1,1,1
349,21,1677,526,88,205,1,1,1
350,21,1676,526,88,205,1,1,1
351,21,1675,527,89,204,1,1,1
352,21,1675,527,89,204,1,1,1
353,21,1674,528,90,203,1,1,1
354,21,1673,528,91,203,1,1,1
355,21,1673,529,91,202,1,1,1
356,21,1675,528,91,204,1,1,1
357,21,1678,528,90,205,1,1,1
358,21,1680,528,90,206,1,1,1
359,21,1683,528,90,207,1,1,1
360,21,1688,526,94,209,1,1,1
361,21,1694,525,97,211,1,1,1
362,21,1700,524,100,212,1,1,1
363,21,1706,523,104,214,1,1,1
364,21,1712,522,107,215,1,1,1
365,21,1718,521,110,217,1,1,1
366,21,1724,520,113,218,1,1,1
367,21,1730,519,117,220,1,1,1
368,21,1740,518,114,221,1,1,1
369,21,1751,518,111,222,1,1,1
370,21,1761,517,109,224,1,1,1
371,21,1772,517,106,225,1,1,1
372,21,1782,517,104,225,1,1,1
373,21,1793,516,101,227,1,1,1
374,21,1803,516,99,228,1,1,1
375,21,1814,516,96,229,1,1,1
376,21,1816,516,102,229,1,1,1
377,21,1819,516,107,229,1,1,0.94444
378,21,1821,516,113,229,1,1,0.87719
379,21,1824,516,118,229,1,1,0.81513
3,22,1295,457,72,204,1,1,1
4,22,1297,456,73,205,1,1,1
5,22,1298,455,75,206,1,1,1
6,22,1300,455,76,206,1,1,1
7,22,1302,454,77,207,1,1,1
8,22,1303,453,79,208,1,1,0.81459
9,22,1305,452,80,209,1,1,0.83233
10,22,1307,451,81,210,1,1,0.84233
11,22,1309,451,82,210,1,1,0.85131
12,22,1310,451,81,210,1,1,0.84106
13,22,1312,452,80,209,1,1,0.83098
14,22,1314,452,79,209,1,1,0.82
15,22,1316,453,78,208,1,1,0.80922
18,22,1321,455,76,206,1,1,0.8008
19,22,1323,455,75,206,1,1,0.80625
20,22,1325,456,74,205,1,1,0.81094
21,22,1327,457,73,205,1,1,0.81527
22,22,1327,457,73,205,1,1,0.80687
36,22,1334,457,76,208,1,1,1
37,22,1335,457,75,208,1,1,1
38,22,1335,457,76,208,1,1,1
39,22,1336,457,76,208,1,1,1
40,22,1336,457,76,208,1,1,1
41,22,1337,457,76,209,1,1,1
42,22,1337,457,77,209,1,1,1
43,22,1338,457,76,209,1,1,1
44,22,1338,457,77,209,1,1,1
45,22,1339,457,77,209,1,1,1
46,22,1339,457,77,210,1,1,1
47,22,1340,457,77,210,1,1,1
48,22,1340,457,78,210,1,1,1
49,22,1341,457,77,210,1,1,1
50,22,1341,457,78,210,1,1,1
51,22,1342,458,78,210,1,1,1
52,22,1341,458,79,210,1,1,1
53,22,1341,458,79,210,1,1,1
54,22,1341,458,79,210,1,1,1
55,22,1341,458,79,210,1,1,1
56,22,1341,458,79,210,1,1,1
57,22,1341,458,79,210,1,1,1
58,22,1341,458,79,210,1,1,1
59,22,1341,458,79,210,1,1,1
60,22,1341,458,79,210,1,1,1
61,22,1341,458,79,210,1,1,1
62,22,1341,458,79,210,1,1,1
63,22,1341,458,79,210,1,1,1
64,22,1340,458,80,210,1,1,1
65,22,1340,458,80,210,1,1,1
66,22,1340,458,80,210,1,1,1
67,22,1340,458,80,210,1,1,1
68,22,1340,458,80,210,1,1,1
69,22,1340,458,80,210,1,1,1
70,22,1340,458,80,210,1,1,1
71,22,1340,458,80,210,1,1,1
72,22,1340,458,80,210,1,1,1
73,22,1340,458,80,210,1,1,1
74,22,1340,458,80,210,1,1,1
75,22,1340,458,80,210,1,1,1
76,22,1339,458,81,210,1,1,1
77,22,1339,458,81,210,1,1,1
78,22,1339,458,81,210,1,1,1
79,22,1339,458,81,210,1,1,1
80,22,1339,458,81,210,1,1,1
81,22,1339,458,81,210,1,1,1
82,22,1339,458,81,210,1,1,1
83,22,1339,458,81,210,1,1,1
84,22,1339,458,81,210,1,1,1
85,22,1339,458,81,210,1,1,0.97561
86,22,1339,458,81,210,1,1,0.89024
87,22,1339,458,81,210,1,1,0.81707
171,22,1381,446,93,232,1,1,0.83901
172,22,1382,445,93,233,1,1,0.88716
173,22,1383,445,93,233,1,1,0.88793
174,22,1384,444,93,235,1,1,0.88812
175,22,1385,444,94,235,1,1,0.89005
176,22,1386,443,94,237,1,1,0.89023
177,22,1387,443,94,237,1,1,0.89023
178,22,1388,442,95,238,1,1,0.89256
179,22,1389,442,95,239,1,1,0.89227
180,22,1390,441,95,240,1,1,0.89346
181,22,1392,441,95,241,1,1,0.89945
182,22,1393,440,95,242,1,1,0.90055
183,22,1394,440,95,242,1,1,0.8936
184,22,1395,439,95,244,1,1,0.88125
185,22,1396,439,96,244,1,1,0.8701
186,22,1397,438,96,246,1,1,0.85792
187,22,1398,438,96,246,1,1,0.84557
188,22,1399,437,97,247,1,1,0.83558
189,22,1400,437,97,248,1,1,0.82903
190,22,1401,436,97,249,1,1,0.81755
191,22,1403,436,97,250,1,1,0.81096
251,22,1541,420,86,282,1,1,0.81731
252,22,1542,419,86,283,1,1,0.85996
253,22,1542,419,86,283,1,1,0.89437
254,22,1543,419,86,283,1,1,0.92254
255,22,1543,419,86,283,1,1,0.95775
256,22,1544,419,86,284,1,1,0.98588
257,22,1544,418,87,285,1,1,1
258,22,1544,418,87,285,1,1,1
259,22,1545,418,87,285,1,1,1
260,22,1545,418,87,285,1,1,1
261,22,1546,418,87,285,1,1,1
262,22,1546,417,87,286,1,1,1
263,22,1547,417,87,286,1,1,1
264,22,1547,417,88,287,1,1,1
265,22,1548,417,87,287,1,1,1
266,22,1548,417,88,287,1,1,1
267,22,1549,416,87,288,1,1,0.98864
268,22,1549,416,88,288,1,1,1
269,22,1550,416,87,288,1,1,1
270,22,1550,416,88,288,1,1,1
271,22,1551,416,88,289,1,1,1
272,22,1552,418,91,286,1,1,1
273,22,1554,421,94,283,1,1,1
274,22,1555,423,97,281,1,1,1
275,22,1557,426,100,278,1,1,1
276,22,1559,428,103,276,1,1,1
277,22,1560,431,106,272,1,1,0.96262
278,22,1562,433,109,270,1,1,0.92727
279,22,1563,436,112,267,1,1,0.87611
280,22,1565,438,115,265,1,1,0.87931
281,22,1567,441,118,262,1,1,0.88235
282,22,1569,446,117,257,1,1,0.88136
283,22,1571,451,116,252,1,1,1
284,22,1573,456,116,247,1,1,0.83761
285,22,1575,461,115,242,1,1,0.80172
289,22,1583,482,113,221,1,1,1
290,22,1585,487,112,216,1,1,0.99266
291,22,1588,493,111,210,1,1,0.96192
292,22,1588,495,112,208,1,1,0.93903
293,22,1588,497,114,206,1,1,0.90926
294,22,1588,499,115,204,1,1,0.9016
295,22,1588,501,117,202,1,1,0.8948
296,22,1588,503,119,200,1,1,0.88806
297,22,1588,505,120,198,1,1,0.88787
298,22,1588,507,122,196,1,1,0.88114
299,22,1588,509,123,194,1,1,0.88089
300,22,1588,511,125,192,1,1,0.87417
301,22,1588,513,127,190,1,1,0.86747
302,22,1587,509,126,194,1,1,0.89098
303,22,1587,506,125,197,1,1,0.9062
304,22,1587,503,123,200,1,1,0.92778
305,22,1587,500,122,204,1,1,0.94257
306,22,1586,496,122,208,1,1,0.93663
307,22,1586,493,120,211,1,1,0.94355
308,22,1586,490,119,215,1,1,0.94383
309,22,1586,487,118,218,1,1,0.94413
310,22,1585,483,117,222,1,1,0.95158
311,22,1585,480,116,226,1,1,0.95203
312,22,1585,477,115,229,1,1,0.95225
313,22,1585,474,113,232,1,1,0.95889
314,22,1584,470,113,236,1,1,0.95958
315,22,1584,467,112,240,1,1,0.95968
316,22,1584,464,110,243,1,1,0.96622
317,22,1584,461,109,246,1,1,0.96651
318,22,1583,457,109,251,1,1,0.95379
319,22,1583,454,107,254,1,1,0.88203
331,22,1598,408,94,295,1,1,0.81522
332,22,1600,408,100,295,1,1,0.84346
333,22,1602,408,106,295,1,1,0.81713
30,23,-90,227,498,681,1,1,0.81764
31,23,-81,227,504,681,1,1,0.83762
32,23,-66,229,497,677,1,1,0.86546
33,23,-50,232,490,673,1,1,0.89613
34,23,-35,235,484,669,1,1,0.92577
35,23,-19,238,477,665,1,1,0.95816
36,23,-3,240,470,662,1,1,0.99151
37,23,12,243,464,658,1,1,1
38,23,28,246,457,654,1,1,1
39,23,44,249,450,650,1,1,1
40,23,82,249,422,647,1,1,1
41,23,121,250,393,643,1,1,1
42,23,160,250,364,640,1,1,1
43,23,199,251,335,636,1,1,1
44,23,238,251,306,633,1,1,1
45,23,277,252,277,629,1,1,1
46,23,292,252,283,625,1,1,1
47,23,307,252,290,622,1,1,1
48,23,323,252,296,619,1,1,1
49,23,338,252,303,616,1,1,1
50,23,353,252,310,613,1,1,1
51,23,369,253,316,609,1,1,1
52,23,374,257,325,606,1,1,1
53,23,379,261,334,603,1,1,1
54,23,385,265,343,600,1,1,1
55,23,410,264,324,596,1,1,1
56,23,435,263,305,592,1,1,1
57,23,460,262,286,588,1,1,1
58,23,485,261,267,584,1,1,1
59,23,511,260,247,581,1,1,1
60,23,526,262,253,578,1,1,1
61,23,541,265,260,574,1,1,1
62,23,557,268,266,570,1,1,1
63,23,572,271,272,566,1,1,1
64,23,588,274,278,562,1,1,1
65,23,603,277,285,558,1,1,1
66,23,619,280,291,555,1,1,1
67,23,635,280,283,552,1,1,1
68,23,651,280,275,549,1,1,1
69,23,668,280,266,546,1,1,1
70,23,684,280,258,543,1,1,1
71,23,701,280,249,540,1,1,1
72,23,720,279,233,538,1,1,1
73,23,740,278,217,537,1,1,1
74,23,760,277,200,536,1,1,1
75,23,780,277,184,534,1,1,1
76,23,786,280,199,529,1,1,1
77,23,792,284,214,524,1,1,1
78,23,799,288,229,519,1,1,1
79,23,805,291,244,514,1,1,1
80,23,811,295,259,509,1,1,1
81,23,818,299,274,504,1,1,1
82,23,840,298,255,501,1,1,1
83,23,862,298,236,497,1,1,1
84,23,885,297,216,494,1,1,1
85,23,907,297,197,490,1,1,1
86,23,930,297,178,486,1,1,1
87,23,934,299,188,483,1,1,1
88,23,938,302,198,479,1,1,1
89,23,942,305,208,475,1,1,1
90,23,946,307,219,472,1,1,1
91,23,950,310,229,468,1,1,1
92,23,954,313,239,464,1,1,1
93,23,959,316,249,460,1,1,1
94,23,973,316,241,457,1,1,1
95,23,987,316,233,455,1,1,1
96,23,1001,316,226,453,1,1,1
97,23,1015,316,218,450,1,1,1
98,23,1030,316,209,448,1,1,1
99,23,1044,316,202,446,1,1,1
100,23,1058,316,194,443,1,1,1
101,23,1072,316,186,441,1,1,1
102,23,1087,317,178,438,1,1,1
103,23,1092,320,184,433,1,1,1
104,23,1098,324,190,427,1,1,1
105,23,1104,328,196,421,1,1,1
106,23,1110,332,202,415,1,1,1
107,23,1118,331,197,413,1,1,1
108,23,1127,331,191,411,1,1,0.95833
109,23,1136,331,185,408,1,1,0.90323
110,23,1144,330,180,407,1,1,0.8453
159,23,1474,367,138,316,1,1,0.84173
160,23,1480,367,136,315,1,1,0.92701
161,23,1486,367,134,313,1,1,1
162,23,1492,367,132,311,1,1,1
163,23,1498,367,130,310,1,1,1
164,23,1498,369,133,307,1,1,1
165,23,1498,372,136,304,1,1,1
166,23,1498,374,139,302,1,1,1
167,23,1498,377,142,299,1,1,1
168,23,1498,379,145,297,1,1,1
169,23,1498,382,148,294,1,1,1
170,23,1499,385,151,291,1,1,1
171,23,1506,383,146,291,1,1,1
172,23,1514,382,141,290,1,1,1
173,23,1522,381,135,289,1,1,1
174,23,1530,380,130,289,1,1,1
175,23,1534,380,129,288,1,1,1
176,23,1538,381,129,286,1,1,1
177,23,1542,382,129,284,1,1,1
178,23,1546,383,128,282,1,1,1
179,23,1550,384,128,280,1,1,1
180,23,1555,385,127,279,1,1,1
181,23,1559,386,126,277,1,1,1
182,23,1563,387,126,275,1,1,1
183,23,1567,388,126,273,1,1,1
184,23,1571,389,125,271,1,1,1
185,23,1575,390,125,269,1,1,1
186,23,1580,391,124,268,1,1,1
187,23,1582,392,125,266,1,1,1
188,23,1585,393,125,265,1,1,1
189,23,1588,394,125,264,1,1,1
190,23,1591,395,125,263,1,1,1
191,23,1593,396,126,261,1,1,1
192,23,1596,397,126,260,1,1,1
193,23,1599,398,126,259,1,1,1
194,23,1602,399,127,258,1,1,1
195,23,1605,398,125,258,1,1,1
196,23,1608,397,124,258,1,1,1
197,23,1611,396,123,258,1,1,1
198,23,1614,395,122,258,1,1,1
199,23,1617,394,121,258,1,1,1
200,23,1620,393,120,258,1,1,1
201,23,1624,392,118,259,1,1,1
202,23,1629,394,117,256,1,1,1
203,23,1634,396,117,253,1,1,1
204,23,1639,399,117,249,1,1,1
205,23,1642,398,116,249,1,1,1
206,23,1645,398,116,248,1,1,1
207,23,1648,398,116,248,1,1,1
208,23,1651,398,116,247,1,1,1
209,23,1655,398,115,246,1,1,1
210,23,1658,398,115,246,1,1,1
211,23,1661,398,115,245,1,1,1
212,23,1664,398,115,244,1,1,1
213,23,1668,398,114,244,1,1,1
214,23,1671,398,113,243,1,1,1
215,23,1674,398,113,243,1,1,0.96045
216,23,1677,398,113,243,1,1,0.9134
217,23,1680,399,112,241,1,1,0.86448
218,23,1683,399,112,241,1,1,0.80867
525,24,1820,376,125,314,1,1,0.80159
213,29,515,255,309,659,1,1,0.92581
214,29,523,257,308,655,1,1,1
215,29,532,259,307,651,1,1,1
216,29,541,262,306,646,1,1,1
217,29,561,264,288,642,1,1,1
218,29,582,266,270,639,1,1,1
219,29,617,264,251,636,1,1,1
220,29,652,263,232,633,1,1,1
221,29,687,262,213,630,1,1,1
222,29,694,269,236,624,1,1,1
223,29,706,269,240,620,1,1,1
224,29,718,270,245,616,1,1,1
225,29,730,270,249,613,1,1,1
226,29,742,271,254,609,1,1,1
227,29,754,272,259,605,1,1,1
228,29,769,272,249,601,1,1,1
229,29,785,272,238,597,1,1,1
230,29,801,272,227,593,1,1,1
231,29,817,273,216,589,1,1,1
232,29,832,273,206,585,1,1,1
233,29,848,273,195,581,1,1,1
234,29,864,273,184,577,1,1,1
235,29,880,274,174,573,1,1,1
236,29,889,276,194,570,1,1,1
237,29,898,279,214,566,1,1,1
238,29,907,282,234,563,1,1,1
239,29,916,285,249,558,1,1,1
240,29,925,288,242,556,1,1,1
241,29,935,292,235,553,1,1,1
242,29,948,291,224,548,1,1,1
243,29,961,290,214,544,1,1,1
244,29,975,289,203,540,1,1,1
245,29,988,288,193,536,1,1,1
246,29,1002,287,182,532,1,1,1
247,29,1012,289,190,529,1,1,1
248,29,1023,291,197,526,1,1,1
249,29,1033,294,206,522,1,1,1
250,29,1044,296,213,519,1,1,1
251,29,1055,299,221,516,1,1,1
252,29,1066,300,219,514,1,1,1
253,29,1077,302,218,512,1,1,1
254,29,1088,304,217,509,1,1,1
255,29,1099,306,216,507,1,1,1
256,29,1110,308,215,505,1,1,1
257,29,1115,307,209,503,1,1,1
258,29,1120,307,203,500,1,1,1
259,29,1125,307,198,497,1,1,1
260,29,1130,307,192,494,1,1,1
261,29,1136,307,186,492,1,1,1
262,29,1145,308,186,490,1,1,0.96922
263,29,1155,309,185,488,1,1,0.97933
264,29,1165,311,185,486,1,1,0.98962
265,29,1175,312,184,484,1,1,1
266,29,1185,314,184,482,1,1,0.96864
267,29,1191,315,181,479,1,1,0.91502
268,29,1198,316,177,477,1,1,0.86425
269,29,1205,317,173,474,1,1,0.81118
